Protein IDs	Reporter intensity corrected 1	Reporter intensity corrected 2	Reporter intensity corrected 3	Reporter intensity corrected 4	Reporter intensity corrected 5	Reporter intensity corrected 6	Reporter intensity corrected 7	Reporter intensity corrected 8	Reporter intensity corrected 9	Reporter intensity corrected 10	Reporter intensity 1	Reporter intensity 2	Reporter intensity 3	Reporter intensity 4	Reporter intensity 5	Reporter intensity 6	Reporter intensity 7	Reporter intensity 8	Reporter intensity 9	Reporter intensity 10
CON__A2I7N3;CON__REFSEQ:XP_001252647;CON__A2I7N1	83.875	128.95	107.85	138.74	121.26	195.23	85.501	85.349	125.9	1461.9	83.875	128.95	107.85	138.74	121.26	195.23	85.501	85.349	125.9	1461.9
CON__ENSEMBL:ENSBTAP00000016046;P23142	0	0	0	0	0	0	0	0	0	0	0	0	0	0	0	0	0	0	0	0
CON__ENSEMBL:ENSBTAP00000018229;CON__Q3MHN5	107.97	169.71	310.45	240.49	195.12	262.52	163.72	353.53	269.91	6322.2	107.97	169.71	310.45	240.49	195.12	262.52	163.72	353.53	269.91	6322.2
CON__ENSEMBL:ENSBTAP00000024146;P01023;P20742	747.05	1381.9	964.71	1656.2	1312.4	2210.9	849.14	1737.6	1373.9	33300	747.05	1381.9	964.71	1656.2	1312.4	2210.9	849.14	1737.6	1373.9	33300
CON__ENSEMBL:ENSBTAP00000038253	197.18	519.82	230.65	265.75	187.7	580.35	194.25	82.66	337.41	1010.2	197.18	519.82	230.65	265.75	187.7	580.35	194.25	82.66	337.41	1010.2
CON__ENSEMBL:ENSBTAP00000038329	39.825	93.103	66.809	153.04	120.47	97.49	76.887	51.035	85.475	1494.1	39.825	93.103	66.809	153.04	120.47	97.49	76.887	51.035	85.475	1494.1
CON__P00761;Q9BYE2	106580	136040	123400	79847	128160	91324	132660	18687	131210	380660	106580	136040	123400	79847	128160	91324	132660	18687	131210	380660
CON__P01045-1;CON__Q2KJ62;CON__P01044-1	34.746	79.185	51.621	202.69	96.953	166.35	44.496	99.634	75.156	2054.1	34.746	79.185	51.621	202.69	96.953	166.35	44.496	99.634	75.156	2054.1
P02533;CON__P02533;CON__Q61782	9994.1	58322	9607.6	16303	11111	74744	5969.6	7736.8	11141	94986	9994.1	58322	9607.6	16303	11111	74744	5969.6	7736.8	11141	94986
P02538;CON__P02538;CON__Q8VED5	10646	90317	8495.5	26413	16935	171910	5380.7	11787	13070	95557	10646	90317	8495.5	26413	16935	171910	5380.7	11787	13070	95557
CON__P02768-1;P02768	447.98	734.79	539.05	646.13	530.17	1114.2	510.01	255.62	795.37	3949.3	447.98	734.79	539.05	646.13	530.17	1114.2	510.01	255.62	795.37	3949.3
CON__P02769	4449.7	6180	13452	9429.9	16172	10420	7078.1	11933	11935	233920	4449.7	6180	13452	9429.9	16172	10420	7078.1	11933	11935	233920
CON__P04259	116.68	1529.9	197.14	333.74	237.47	2088.3	171.64	90.59	179.41	1540.7	116.68	1529.9	197.14	333.74	237.47	2088.3	171.64	90.59	179.41	1540.7
CON__P07477;P07477;Q8NHM4;P07478	1170.4	2671.3	1665.3	1460.4	1869.9	1413.5	1493.8	341.07	1838.6	6432.1	1170.4	2671.3	1665.3	1460.4	1869.9	1413.5	1493.8	341.07	1838.6	6432.1
CON__P08779;P08779;CON__Q9Z2K1;CON__Q3ZAW8	6497.6	47638	4093.7	20034	4718.1	46682	3113.2	4544.6	5309.4	42191	6497.6	47638	4093.7	20034	4718.1	46682	3113.2	4544.6	5309.4	42191
CON__P12763	918.23	1909.3	1458.1	4268.7	2043	2813.8	1031.6	3989.4	1907.1	86691	918.23	1909.3	1458.1	4268.7	2043	2813.8	1031.6	3989.4	1907.1	86691
CON__P13645;P13645;CON__P02535-1;CON__Q7Z3Y7;Q7Z3Y7;CON__Q2M2I5;CON__Q7Z3Y8;Q7Z3Y8;CON__Q148H6;Q2M2I5;Q99456;Q7Z3Z0;CON__Q7Z3Z0;CON__P05784;CON__Q99456;CON__Q14532;CON__REFSEQ:XP_986630;CON__A2AB72;CON__Q497I4;CON__O76015;CON__Q14525;CON__Q92764;CON__Q9UE12;CON__O76013;CON__Q7Z3Y9;CON__A2A5Y0;CON__Q15323;Q15323;P05783;Q14532;O76014;Q92764;O76013;Q7Z3Y9;Q14525;CON__O76014;O76015	55577	108970	67157	61646	136490	207590	39489	23510	72269	350400	55577	108970	67157	61646	136490	207590	39489	23510	72269	350400
CON__P13647;P13647	7266.9	20347	9970.9	10151	12449	39329	6034.6	4187.9	10820	49187	7266.9	20347	9970.9	10151	12449	39329	6034.6	4187.9	10820	49187
CON__P15497	835.28	1443.2	1297.1	1713.5	1082.5	2367.1	775.87	2444.6	1669.2	40902	835.28	1443.2	1297.1	1713.5	1082.5	2367.1	775.87	2444.6	1669.2	40902
CON__P17690	79.849	169.1	126.16	213.67	153.74	164.06	97.903	132.3	121.17	2088.2	79.849	169.1	126.16	213.67	153.74	164.06	97.903	132.3	121.17	2088.2
CON__P20930;P20930	235.71	618.52	466	664.56	405.43	944.02	267.47	78.551	258.43	1882.3	235.71	618.52	466	664.56	405.43	944.02	267.47	78.551	258.43	1882.3
CON__P28800	132.57	256.56	307.05	273.09	264.26	315.41	170.49	231.05	286.63	3690.5	132.57	256.56	307.05	273.09	264.26	315.41	170.49	231.05	286.63	3690.5
CON__P34955	1584.5	3281.8	2488.9	5116.8	2429.6	4839.7	1580.5	6963.9	3560.4	145540	1584.5	3281.8	2488.9	5116.8	2429.6	4839.7	1580.5	6963.9	3560.4	145540
CON__P35908v2;P35908;CON__P35908;CON__Q9R0H5;CON__Q6NXH9;CON__P19013;P19013	24608	49803	28571	26206	32104	60393	19224	10821	36153	192260	24608	49803	28571	26206	32104	60393	19224	10821	36153	192260
CON__P48668;P48668	208.36	2593.7	303.72	422.27	295.29	1607.2	199.48	189.21	417.22	2968.7	208.36	2593.7	303.72	422.27	295.29	1607.2	199.48	189.21	417.22	2968.7
Q04695;CON__Q04695;CON__P19001	2060.3	20497	2021.7	6618.3	3480.2	64650	1222.3	3388.7	2964.4	20648	2060.3	20497	2021.7	6618.3	3480.2	64650	1222.3	3388.7	2964.4	20648
CON__Q29443;CON__Q0IIK2	378.14	892.18	629.33	1807.7	850.61	1407.2	686.81	1093.2	837.45	21033	378.14	892.18	629.33	1807.7	850.61	1407.2	686.81	1093.2	837.45	21033
CON__Q14CN4-1;CON__Q6IME9;Q14CN4;CON__Q3SY84;CON__Q7RTS7;CON__Q32MB2;Q3SY84;Q7RTS7;Q86Y46	689.16	2356.7	1271.4	1044	1028.1	1584.2	556.53	331.91	1080.7	5924.9	689.16	2356.7	1271.4	1044	1028.1	1584.2	556.53	331.91	1080.7	5924.9
CON__Q2KJF1	236.9	429.2	395.3	572.61	487.28	761.45	337.4	493.59	547.72	8591.6	236.9	429.2	395.3	572.61	487.28	761.45	337.4	493.59	547.72	8591.6
CON__Q2UVX4	185.93	337.83	293.85	350.48	253.65	459.29	232.4	363.66	296.48	5121.4	185.93	337.83	293.85	350.48	253.65	459.29	232.4	363.66	296.48	5121.4
CON__Q3SX09	93.37	218.75	133.29	289.69	123.08	333.4	115.38	308.61	231.79	4484.6	93.37	218.75	133.29	289.69	123.08	333.4	115.38	308.61	231.79	4484.6
CON__Q3SZ57;P02771	544.36	1053.3	720.41	1428.7	979.81	1625.3	664.69	2028.2	1159.5	37961	544.36	1053.3	720.41	1428.7	979.81	1625.3	664.69	2028.2	1159.5	37961
CON__Q3SZR3	342.68	310.1	2621.5	1611.1	899.97	442.83	158.46	517.7	458.55	12880	342.68	310.1	2621.5	1611.1	899.97	442.83	158.46	517.7	458.55	12880
CON__Q3T052;Q14624	302.96	654.75	482.12	748.71	569.45	1223.1	471.77	1237.8	560.51	17844	302.96	654.75	482.12	748.71	569.45	1223.1	471.77	1237.8	560.51	17844
CON__Q3ZBD7;P06744	24.14	90.364	80.812	93.953	79.383	375.73	64.924	126.19	69.26	2108.5	24.14	90.364	80.812	93.953	79.383	375.73	64.924	126.19	69.26	2108.5
CON__Q3ZBS7	179.34	287.39	248.49	298.54	278.54	347.65	195.05	174.64	311.23	2609.8	179.34	287.39	248.49	298.54	278.54	347.65	195.05	174.64	311.23	2609.8
CON__Q58D62	194.45	469.74	340.54	1440.9	330.27	509.92	259.62	886.12	405.82	18336	194.45	469.74	340.54	1440.9	330.27	509.92	259.62	886.12	405.82	18336
CON__Q5D862;Q5D862	75.903	212.99	155.85	99.904	174.42	156.6	122.74	95.798	104.52	788	75.903	212.99	155.85	99.904	174.42	156.6	122.74	95.798	104.52	788
CON__Q6IFZ6;CON__Q7Z794;Q7Z794	133.45	90.336	106.24	126.13	222.74	203.9	112.64	49.05	107.47	649.6	133.45	90.336	106.24	126.13	222.74	203.9	112.64	49.05	107.47	649.6
CON__Q7RTT2;CON__Q8N1N4-2;Q8N1N4	156.51	345.37	231.09	244.89	244.53	423.77	155.07	151.39	220.4	2636.7	156.51	345.37	231.09	244.89	244.53	423.77	155.07	151.39	220.4	2636.7
CON__Q86YZ3;Q86YZ3	204.1	820.67	180.61	290.23	430.05	200.64	84.62	69.364	358.13	1573	204.1	820.67	180.61	290.23	430.05	200.64	84.62	69.364	358.13	1573
CON__Q9TRI1;P19823	287.53	571.26	382.33	658.24	465.64	1112.3	317.65	750.16	534.24	13210	287.53	571.26	382.33	658.24	465.64	1112.3	317.65	750.16	534.24	13210
CON__Q9TTE1	212.63	312.3	359.46	741.74	385.32	692.26	202.79	447.28	430.76	9173.2	212.63	312.3	359.46	741.74	385.32	692.26	202.79	447.28	430.76	9173.2
Q13765;E9PAV3	0	39.634	54.228	52.698	49.452	63.57	50.876	32.384	24.032	541.74	0	39.634	54.228	52.698	49.452	63.57	50.876	32.384	24.032	541.74
O00148;Q13838	80.488	175.82	172.35	206.21	91.578	276.23	105.49	385.19	216.25	7717	80.488	175.82	172.35	206.21	91.578	276.23	105.49	385.19	216.25	7717
O15020	1034.1	4596.6	1419.9	1506.1	1410.8	1145.7	625.43	397.23	1141.9	7802.7	1034.1	4596.6	1419.9	1506.1	1410.8	1145.7	625.43	397.23	1141.9	7802.7
O43175	24.22	26.48	0	0	44.788	65.481	24.563	0	24.706	649.89	24.22	26.48	0	0	44.788	65.481	24.563	0	24.706	649.89
O43390;O60506	99.846	257.9	176.73	278.68	204.78	682.5	156.43	534.9	301.99	8367.5	99.846	257.9	176.73	278.68	204.78	682.5	156.43	534.9	301.99	8367.5
O43707	58.959	67.284	35.39	44.887	75.345	218.05	0	0	58.781	590.39	58.959	67.284	35.39	44.887	75.345	218.05	0	0	58.781	590.39
O75223	125.53	179.46	61.683	191.93	175.25	348.7	132.43	102.15	250.98	1501.4	125.53	179.46	61.683	191.93	175.25	348.7	132.43	102.15	250.98	1501.4
O75390	67.034	92.992	60.739	236.99	124.31	213.49	68.843	99.397	111.29	2186.8	67.034	92.992	60.739	236.99	124.31	213.49	68.843	99.397	111.29	2186.8
O75821	44.544	145.34	91.2	160.29	102.98	152.71	52.95	145.36	146.65	2453.3	44.544	145.34	91.2	160.29	102.98	152.71	52.95	145.36	146.65	2453.3
O95071	298.99	663.01	342.73	395.91	436.84	826.57	311.15	68.083	375.62	1046.3	298.99	663.01	342.73	395.91	436.84	826.57	311.15	68.083	375.62	1046.3
O95785	313.78	317.52	872.27	433.71	357.95	561.78	334.03	880.89	497.91	16179	313.78	317.52	872.27	433.71	357.95	561.78	334.03	880.89	497.91	16179
P00338	321.2	608.55	381.92	507.87	413.13	1069.7	429.89	576.63	530.92	11431	321.2	608.55	381.92	507.87	413.13	1069.7	429.89	576.63	530.92	11431
P00441	127.2	209.9	163.01	192.31	196.53	282.08	134.11	127.25	212.18	3840.5	127.2	209.9	163.01	192.31	196.53	282.08	134.11	127.25	212.18	3840.5
P00558;P07205	189.52	396.73	306.69	342.87	362.18	829.29	198.84	678.83	530.07	13860	189.52	396.73	306.69	342.87	362.18	829.29	198.84	678.83	530.07	13860
P00813	97.581	189.32	123.73	149.19	134.01	235.64	83.85	321.09	257.4	6304.2	97.581	189.32	123.73	149.19	134.01	235.64	83.85	321.09	257.4	6304.2
P01040	361.48	937.28	669.41	946.11	880.65	1532.8	333.72	383.52	964.29	4916.2	361.48	937.28	669.41	946.11	880.65	1532.8	333.72	383.52	964.29	4916.2
P02452	128.89	134.7	351.92	226.58	719.25	372.22	132.54	74.711	382.77	1353.8	128.89	134.7	351.92	226.58	719.25	372.22	132.54	74.711	382.77	1353.8
P04075;P09972;P05062	884.99	1440.4	1168.4	1362.8	1306.2	4090.1	844.21	1175.6	1457.5	21037	884.99	1440.4	1168.4	1362.8	1306.2	4090.1	844.21	1175.6	1457.5	21037
P04259	309.42	2253.5	142.65	394.05	192.16	2514.3	141.51	159.08	170.96	1550	309.42	2253.5	142.65	394.05	192.16	2514.3	141.51	159.08	170.96	1550
P04264;CON__P04264;CON__H-INV:HIT000016045;CON__Q9H552	68106	195620	83647	81955	118560	132640	43356	24858	85010	480320	68106	195620	83647	81955	118560	132640	43356	24858	85010	480320
P04406	1061.4	3020.8	1897.4	2619.1	2162.6	7645.7	1460	2005.8	2312.7	43068	1061.4	3020.8	1897.4	2619.1	2162.6	7645.7	1460	2005.8	2312.7	43068
P04792	0	0	0	0	0	0	0	0	0	0	0	0	0	0	0	0	0	0	0	0
P05089	86.394	107.51	136.66	115.12	202.36	438.23	59.932	0	136.32	705.56	86.394	107.51	136.66	115.12	202.36	438.23	59.932	0	136.32	705.56
P05109	129.65	118.16	0	342.31	91.658	2437.7	103.95	165.03	248.71	1541.5	129.65	118.16	0	342.31	91.658	2437.7	103.95	165.03	248.71	1541.5
P05141	61.549	125.44	73.54	159.89	203.41	215.74	98.519	84.085	92.799	1942.6	61.549	125.44	73.54	159.89	203.41	215.74	98.519	84.085	92.799	1942.6
P05204	69.55	114.67	127.44	122.21	100.55	93.925	67.002	78.16	79.722	2399.1	69.55	114.67	127.44	122.21	100.55	93.925	67.002	78.16	79.722	2399.1
P05387	324.93	406.92	394.25	503.05	300.83	845.08	357.06	675.96	867.78	16438	324.93	406.92	394.25	503.05	300.83	845.08	357.06	675.96	867.78	16438
P05388;Q8NHW5	136.77	235.18	254.05	284.77	209.19	464.68	143.12	283.1	234.99	5383.3	136.77	235.18	254.05	284.77	209.19	464.68	143.12	283.1	234.99	5383.3
P06576	335.22	968.01	619.29	915.44	540.17	1878.5	342.53	816.7	664.99	14384	335.22	968.01	619.29	915.44	540.17	1878.5	342.53	816.7	664.99	14384
P06702	892.79	1215.3	870.28	2044.9	1118.1	14829	478.27	963.45	1506.2	11108	892.79	1215.3	870.28	2044.9	1118.1	14829	478.27	963.45	1506.2	11108
P06703	0	0	0	0	0	0	0	0	0	0	0	0	0	0	0	0	0	0	0	0
P06733;P13929;P09104	1913.2	3385.9	2372.8	3360.8	2609.8	5419	2175.1	2700.5	3130.4	53264	1913.2	3385.9	2372.8	3360.8	2609.8	5419	2175.1	2700.5	3130.4	53264
P06748	273.76	420.62	371.94	470.63	361.5	820.36	272.73	618.34	391.32	14407	273.76	420.62	371.94	470.63	361.5	820.36	272.73	618.34	391.32	14407
P06753	144.96	195.72	173.32	331.38	121.2	991.94	202.2	257.59	284.49	4305.9	144.96	195.72	173.32	331.38	121.2	991.94	202.2	257.59	284.49	4305.9
P07195	418.01	797.81	598.46	863.24	675.42	1213.7	548.7	1344.4	1062.7	28431	418.01	797.81	598.46	863.24	675.42	1213.7	548.7	1344.4	1062.7	28431
P07355;A6NMY6	229.51	309.17	302.44	377.17	287.54	1705	178.56	211.1	257.1	1888.9	229.51	309.17	302.44	377.17	287.54	1705	178.56	211.1	257.1	1888.9
P07437;Q9BVA1;Q13885;A6NNZ2;CON__ENSEMBL:ENSBTAP00000025008;Q9BUF5;Q9H4B7	758.55	1579.1	1274.6	1847.6	1090.2	2498.1	978.42	2550.3	1580.1	39960	758.55	1579.1	1274.6	1847.6	1090.2	2498.1	978.42	2550.3	1580.1	39960
P07737;CON__P02584	306.1	490.67	374.82	466.78	406.22	917.42	289.31	656.12	465.03	12588	306.1	490.67	374.82	466.78	406.22	917.42	289.31	656.12	465.03	12588
P07900;Q14568;Q58FG0;Q58FF6	561.49	886.73	903.85	897.94	863.4	1415.3	626.44	923.08	1077.2	20889	561.49	886.73	903.85	897.94	863.4	1415.3	626.44	923.08	1077.2	20889
P07910;P0DMR1;B7ZW38;B2RXH8	346.07	619.37	519.96	676.67	469.82	1152.1	395.11	906.27	632.13	16455	346.07	619.37	519.96	676.67	469.82	1152.1	395.11	906.27	632.13	16455
P08123	269.68	255.18	727.8	150.26	810.58	248.34	170.34	26.788	333.94	963.26	269.68	255.18	727.8	150.26	810.58	248.34	170.34	26.788	333.94	963.26
P08133	76.252	123.93	71.913	102.96	81.96	352.61	71.559	118.61	140.89	2351.6	76.252	123.93	71.913	102.96	81.96	352.61	71.559	118.61	140.89	2351.6
P08238;Q58FF8;Q58FF7	1621.6	2888.1	2368.3	3056.2	2260.5	5582.7	1881.9	4667.8	3344.6	104300	1621.6	2888.1	2368.3	3056.2	2260.5	5582.7	1881.9	4667.8	3344.6	104300
P08579;P09012	19.287	0	57.229	75.425	36.302	149.97	21.262	110.81	51.982	2486.7	19.287	0	57.229	75.425	36.302	149.97	21.262	110.81	51.982	2486.7
P08670;P17661;P41219;Q16352;P07196;P07197;P12036	242.04	329.16	281.96	427.68	360.31	640.35	262.55	395.87	419.56	8444.6	242.04	329.16	281.96	427.68	360.31	640.35	262.55	395.87	419.56	8444.6
P08865	0	80.213	97.927	187.42	78.68	247.7	38.834	120.13	126.92	1524.8	0	80.213	97.927	187.42	78.68	247.7	38.834	120.13	126.92	1524.8
P09211	39.719	293.1	111.99	268.86	166.29	468.63	111.93	401.85	329.86	7882.5	39.719	293.1	111.99	268.86	166.29	468.63	111.93	401.85	329.86	7882.5
P09429;B2RPK0	248.98	475.44	358.54	399.87	371.84	534.61	321.68	713.45	566.7	17584	248.98	475.44	358.54	399.87	371.84	534.61	321.68	713.45	566.7	17584
P09651;Q32P51	130.32	213.71	221.26	188.87	204.6	289.07	137.94	224.95	191.48	4577.5	130.32	213.71	221.26	188.87	204.6	289.07	137.94	224.95	191.48	4577.5
Q71UI9;P0C0S5	151.94	177.21	206.66	221.88	182.85	332.05	152.76	278.11	250.53	6244	151.94	177.21	206.66	221.88	182.85	332.05	152.76	278.11	250.53	6244
Q99878;Q96KK5;Q9BTM1;P0C0S8;P20671;Q8IUE6;Q96QV6;P16104;REV__Q8NB25	403.58	655.88	575.93	760.67	668.05	1058.8	649.01	1580.6	958.09	40911	403.58	655.88	575.93	760.67	668.05	1058.8	649.01	1580.6	958.09	40911
P62987;P62979;P0CG47;P0CG48	1635.3	2484.4	1829.9	2682.3	2363.4	4157	1552	2129.7	2864.7	44308	1635.3	2484.4	1829.9	2682.3	2363.4	4157	1552	2129.7	2864.7	44308
P0DMV9;P0DMV8	170.09	222.77	133.44	227.55	129.25	643.2	143.06	171.84	268.35	3992	170.09	222.77	133.44	227.55	129.25	643.2	143.06	171.84	268.35	3992
P0DP25;P0DP24;P0DP23	113.87	172.41	186.62	302.52	164.11	479.91	149.57	309.34	483.06	7177.1	113.87	172.41	186.62	302.52	164.11	479.91	149.57	309.34	483.06	7177.1
P0DPH8;P0DPH7;Q9BQE3;Q71U36;P68363;P68366;Q6PEY2;Q9NY65	486.25	1108.5	962.54	972.14	795.09	2136.6	719.08	1369.3	1182.7	31200	486.25	1108.5	962.54	972.14	795.09	2136.6	719.08	1369.3	1182.7	31200
P10412;Q02539;P22492	1259.6	1712.8	1675.6	2085.3	1945.8	3069.2	1523	4558.2	2482.9	97948	1259.6	1712.8	1675.6	2085.3	1945.8	3069.2	1523	4558.2	2482.9	97948
P10599	239.83	595.16	370.95	334.46	802.92	1211.5	189.55	275.22	365.64	5035.6	239.83	595.16	370.95	334.46	802.92	1211.5	189.55	275.22	365.64	5035.6
P10768	0	0	0	0	0	0	0	0	0	0	0	0	0	0	0	0	0	0	0	0
P10809	489.07	852.49	687.93	1066.8	795.53	1423.4	642.52	1628.6	1169.7	30888	489.07	852.49	687.93	1066.8	795.53	1423.4	642.52	1628.6	1169.7	30888
P11021	445.44	701.5	615.37	803.8	850.59	1376.3	472.5	661.9	886.61	11819	445.44	701.5	615.37	803.8	850.59	1376.3	472.5	661.9	886.61	11819
P11142;P54652	3026.3	5694	3599.5	5249.1	4510	8586.3	2712.5	7488.3	6503.6	206190	3026.3	5694	3599.5	5249.1	4510	8586.3	2712.5	7488.3	6503.6	206190
P12004	105.75	305.3	191.35	339.9	232.62	392.04	139.89	255.87	259.77	4119.8	105.75	305.3	191.35	339.9	232.62	392.04	139.89	255.87	259.77	4119.8
P12273	242.43	358.59	234.34	311.24	191.03	859.8	135.68	134.01	159.85	2475.9	242.43	358.59	234.34	311.24	191.03	859.8	135.68	134.01	159.85	2475.9
P12814	24.818	39.46	26.26	59.235	43.305	182.53	0	57.233	63.541	686.06	24.818	39.46	26.26	59.235	43.305	182.53	0	57.233	63.541	686.06
P12956	139.75	236.99	132.7	281.41	195.47	419.57	163.99	257.34	234.11	4114.6	139.75	236.99	132.7	281.41	195.47	419.57	163.99	257.34	234.11	4114.6
P13639;Q15029	330.82	566.08	464.35	690.41	486.11	1367.1	344.43	745.55	652.09	15972	330.82	566.08	464.35	690.41	486.11	1367.1	344.43	745.55	652.09	15972
P13646;CON__ENSEMBL:ENSP00000377550;CON__P13646-1	212.7	186.7	114.02	236.18	139.31	901.32	109.59	45.415	88.106	1093.9	212.7	186.7	114.02	236.18	139.31	901.32	109.59	45.415	88.106	1093.9
P13693	176.25	131.3	220.51	262.11	209.27	303.08	128.79	190.07	147	2835.7	176.25	131.3	220.51	262.11	209.27	303.08	128.79	190.07	147	2835.7
P13796;P13797;Q14651	611.9	1271.6	1191.5	1413.9	941.02	1947.5	766.56	1717.3	1344.1	36820	611.9	1271.6	1191.5	1413.9	941.02	1947.5	766.56	1717.3	1344.1	36820
P13804	0	0	0	0	0	0	0	0	0	0	0	0	0	0	0	0	0	0	0	0
P14618;P30613	1066.2	1713.8	1291.3	1733.4	1180.7	2757.6	1129.6	1343.5	1700.2	31321	1066.2	1713.8	1291.3	1733.4	1180.7	2757.6	1129.6	1343.5	1700.2	31321
P14866	0	56.137	49.363	48.095	99.789	117.75	0	72.515	60.954	2490.3	0	56.137	49.363	48.095	99.789	117.75	0	72.515	60.954	2490.3
P14923	709.23	2662.7	1464.8	1404.6	1251.8	6040.1	670.14	643.14	965.65	9440.4	709.23	2662.7	1464.8	1404.6	1251.8	6040.1	670.14	643.14	965.65	9440.4
P63000;P60763;P15153	0	0	0	0	0	0	0	0	0	0	0	0	0	0	0	0	0	0	0	0
P15311;P26038;P35241	1348	2213.3	1619.3	1983.2	2403.4	4858.7	1216.1	1124.5	1865.2	19787	1348	2213.3	1619.3	1983.2	2403.4	4858.7	1216.1	1124.5	1865.2	19787
P15880	1118.6	694.82	889.31	684.85	1178.9	1676.3	972.19	848.3	1009.5	16643	1118.6	694.82	889.31	684.85	1178.9	1676.3	972.19	848.3	1009.5	16643
P15924	1929.5	5653.6	2988.9	3723.4	3446.5	22841	1714.8	2130.4	2982	26997	1929.5	5653.6	2988.9	3723.4	3446.5	22841	1714.8	2130.4	2982	26997
P16401	649.37	853.49	719.88	870.4	981.82	1636.7	591.18	1150.4	961.68	27678	649.37	853.49	719.88	870.4	981.82	1636.7	591.18	1150.4	961.68	27678
P16402	246.91	289.08	304.71	291.21	377.05	281.11	261.01	317.76	241.44	6987.5	246.91	289.08	304.71	291.21	377.05	281.11	261.01	317.76	241.44	6987.5
P16403	270.66	317.71	321.81	520.21	374.73	490.34	360.23	755.01	392.13	17802	270.66	317.71	321.81	520.21	374.73	490.34	360.23	755.01	392.13	17802
P16949	120.3	248.55	213.5	325.9	123.72	702.7	115.56	314.25	222.77	6281.4	120.3	248.55	213.5	325.9	123.72	702.7	115.56	314.25	222.77	6281.4
P17066;P48741	57.06	55.561	64.805	112.92	70.738	194.69	50.427	130.75	83.84	2855.7	57.06	55.561	64.805	112.92	70.738	194.69	50.427	130.75	83.84	2855.7
P17844;Q92841	141.79	184.48	266.88	270.98	229.52	445.85	92.144	271.69	275.44	5321	141.79	184.48	266.88	270.98	229.52	445.85	92.144	271.69	275.44	5321
P17987	200.17	443.53	386.42	436.11	249.9	501.68	243.86	337.06	427.9	5138.8	200.17	443.53	386.42	436.11	249.9	501.68	243.86	337.06	427.9	5138.8
P18124	164.99	153.6	307.28	248.49	252.9	426.98	188.28	312.16	281.48	6027.3	164.99	153.6	307.28	248.49	252.9	426.98	188.28	312.16	281.48	6027.3
P18621	36.086	76.619	83.517	88.602	73.668	106.43	74.816	52.343	116.83	1757.1	36.086	76.619	83.517	88.602	73.668	106.43	74.816	52.343	116.83	1757.1
P18669;P15259;Q8N0Y7	133.59	276.13	362.53	232.68	366.78	535.12	198.36	231.09	343.64	3270.6	133.59	276.13	362.53	232.68	366.78	535.12	198.36	231.09	343.64	3270.6
P19338	708.49	1220.6	1099.7	1223.3	907.44	2717.7	873.14	1731.1	1394.3	42661	708.49	1220.6	1099.7	1223.3	907.44	2717.7	873.14	1731.1	1394.3	42661
P20700	0	0	0	0	0	0	0	0	0	0	0	0	0	0	0	0	0	0	0	0
P21333	143.59	304.72	264.88	300.54	295.55	1451.2	154.34	224.92	344.84	5183	143.59	304.72	264.88	300.54	295.55	1451.2	154.34	224.92	344.84	5183
P22234	66.021	77.444	47.871	71.291	76.863	218.27	24.811	114.37	95.078	1997.5	66.021	77.444	47.871	71.291	76.863	218.27	24.811	114.37	95.078	1997.5
P22314	35.329	180.71	165.11	123.17	100.43	203.85	101.03	95.554	174.4	1076.5	35.329	180.71	165.11	123.17	100.43	203.85	101.03	95.554	174.4	1076.5
P22392;P15531;O60361	503.81	677.57	531.02	813.9	599.24	1242.9	565.71	869.54	703.85	16087	503.81	677.57	531.02	813.9	599.24	1242.9	565.71	869.54	703.85	16087
P22626	469.88	961.1	724.03	1109.2	772.61	1747.1	556.07	1080.7	898.7	26465	469.88	961.1	724.03	1109.2	772.61	1747.1	556.07	1080.7	898.7	26465
P23246	226.21	465.43	297.09	447.96	311.3	840.31	226.42	525.96	389.85	9534.7	226.21	465.43	297.09	447.96	311.3	840.31	226.42	525.96	389.85	9534.7
P23396	332.6	458.07	440.93	519.65	398.52	947.67	341.87	444.9	581.12	9950.4	332.6	458.07	440.93	519.65	398.52	947.67	341.87	444.9	581.12	9950.4
Q16778;P33778;P23527;P06899;Q8N257;Q96A08;Q6DRA6;Q6DN03	172.83	257.07	208.42	322.77	266.88	403.79	135.42	466.58	333.16	11614	172.83	257.07	208.42	322.77	266.88	403.79	135.42	466.58	333.16	11614
P23528;Q9Y281	552.66	847.64	926.27	1765.1	687.24	1274.1	1716.2	745.62	1178.7	13827	552.66	847.64	926.27	1765.1	687.24	1274.1	1716.2	745.62	1178.7	13827
P23588	0	0	0	0	0	0	0	0	0	0	0	0	0	0	0	0	0	0	0	0
P24534	47.899	91.81	81.43	122.71	103.03	143.78	53.141	108.82	102.21	2489.5	47.899	91.81	81.43	122.71	103.03	143.78	53.141	108.82	102.21	2489.5
P25705	258.06	303.09	287.7	388.3	267.89	663.31	163.92	276.53	304.49	5020.6	258.06	303.09	287.7	388.3	267.89	663.31	163.92	276.53	304.49	5020.6
P25786	96.891	209.03	185.99	229.69	217.46	458.33	156.75	161.22	212.2	4347	96.891	209.03	185.99	229.69	217.46	458.33	156.75	161.22	212.2	4347
P25788	39.358	57.483	87.538	66.153	82.637	208.26	45.266	35.422	78.027	1129.2	39.358	57.483	87.538	66.153	82.637	208.26	45.266	35.422	78.027	1129.2
P26373	162.48	214.81	180.91	209.68	193.86	460.09	203.4	318.63	229.5	5717.1	162.48	214.81	180.91	209.68	193.86	460.09	203.4	318.63	229.5	5717.1
P26599	153.03	403.61	304.88	400.33	231.02	531.58	221.98	225.2	283.75	4166.7	153.03	403.61	304.88	400.33	231.02	531.58	221.98	225.2	283.75	4166.7
P26641	195.02	333	274.24	413.87	325.83	589.51	226.58	402.11	417.35	9257.3	195.02	333	274.24	413.87	325.83	589.51	226.58	402.11	417.35	9257.3
P27797	220.26	436.59	274.25	427.53	294.67	612.39	241.83	337.55	378.96	7658.1	220.26	436.59	274.25	427.53	294.67	612.39	241.83	337.55	378.96	7658.1
P29034	0	59.15	44.247	313.91	142.51	1998.5	55.337	121.22	70.284	675.7	0	59.15	44.247	313.91	142.51	1998.5	55.337	121.22	70.284	675.7
P29401	159.75	304.68	208.39	350.57	274.92	546.61	113.95	267.06	294.3	6074.3	159.75	304.68	208.39	350.57	274.92	546.61	113.95	267.06	294.3	6074.3
P29508;P48594	621.73	1268.3	544.91	1220.8	719.77	4927.7	342.09	269.12	1251.2	2659.6	621.73	1268.3	544.91	1220.8	719.77	4927.7	342.09	269.12	1251.2	2659.6
P30048	131.72	171.99	113.26	138.36	116.85	292.59	82.989	146.76	216.76	2161.6	131.72	171.99	113.26	138.36	116.85	292.59	82.989	146.76	216.76	2161.6
P30050	134.09	276.33	251.44	301.54	265.46	398.26	226.67	335.15	290.6	5691.8	134.09	276.33	251.44	301.54	265.46	398.26	226.67	335.15	290.6	5691.8
Q5VSP4;P31025	189.92	400.8	311.63	432.95	316.63	444.48	243.76	181.56	377.18	2572	189.92	400.8	311.63	432.95	316.63	444.48	243.76	181.56	377.18	2572
P31146	76.644	164.29	84.531	172.05	77.951	195.5	130.71	212.59	166.1	4929.8	76.644	164.29	84.531	172.05	77.951	195.5	130.71	212.59	166.1	4929.8
P31151;Q86SG5	942.6	1257.5	1007.9	1698	687.05	9842.4	708.24	740.39	4477.2	7372.2	942.6	1257.5	1007.9	1698	687.05	9842.4	708.24	740.39	4477.2	7372.2
P31943;P55795;P52597	118.9	297.34	217.86	199.79	254.75	436.04	207.38	176.23	206.12	4638.1	118.9	297.34	217.86	199.79	254.75	436.04	207.38	176.23	206.12	4638.1
P31944	350.46	680.07	545.88	703.8	701.6	1339.9	456.05	377.69	593.2	5015.9	350.46	680.07	545.88	703.8	701.6	1339.9	456.05	377.69	593.2	5015.9
P31947	137.18	203.72	167.2	253.94	185.87	614.1	158.57	380.03	297.44	6273.2	137.18	203.72	167.2	253.94	185.87	614.1	158.57	380.03	297.44	6273.2
P31948	0	112.01	113.87	162.93	103.75	162.5	53.02	134.9	162.19	2199.5	0	112.01	113.87	162.93	103.75	162.5	53.02	134.9	162.19	2199.5
P32119	396.58	812.91	614.83	773.33	745.79	2532.5	295.21	484.23	754.04	10495	396.58	812.91	614.83	773.33	745.79	2532.5	295.21	484.23	754.04	10495
P35268	90.498	188.68	159.87	223.68	127.43	515.93	90.976	152.79	181.43	3976.1	90.498	188.68	159.87	223.68	127.43	515.93	90.976	152.79	181.43	3976.1
P35527;CON__P35527	17969	66914	22770	23487	25825	22951	12356	6479.2	24145	138130	17969	66914	22770	23487	25825	22951	12356	6479.2	24145	138130
P35579	119.44	304.96	225.65	445.35	256.39	2073.2	200.12	255.5	361.6	3454.1	119.44	304.96	225.65	445.35	256.39	2073.2	200.12	255.5	361.6	3454.1
P36578	43.06	105.15	71.41	222.73	110.05	189.16	50.816	192.33	146.83	3488.7	43.06	105.15	71.41	222.73	110.05	189.16	50.816	192.33	146.83	3488.7
P37837	89.261	43.869	53.392	75.009	19.876	141.74	85.227	43.159	85.537	755.26	89.261	43.869	53.392	75.009	19.876	141.74	85.227	43.159	85.537	755.26
P38159	0	0	0	0	0	0	0	0	0	0	0	0	0	0	0	0	0	0	0	0
P38646	69.402	167.43	158.27	164.69	207.34	224.88	123.79	185.28	159.44	2877.2	69.402	167.43	158.27	164.69	207.34	224.88	123.79	185.28	159.44	2877.2
P38919	114.28	108.45	123.77	123.14	158.08	236.08	94.252	63.75	119.84	2329.3	114.28	108.45	123.77	123.14	158.08	236.08	94.252	63.75	119.84	2329.3
P39019	92.957	194.76	281.81	288.13	201.94	315.81	302.07	356.87	298.2	6681.8	92.957	194.76	281.81	288.13	201.94	315.81	302.07	356.87	298.2	6681.8
P40227	184.71	299.47	223.75	282.67	222.9	372.26	180.82	325.55	385.65	7018.7	184.71	299.47	223.75	282.67	222.9	372.26	180.82	325.55	385.65	7018.7
P40429	62.475	78.412	65.695	84.468	103.94	248.34	44.283	123.03	125.83	2514.9	62.475	78.412	65.695	84.468	103.94	248.34	44.283	123.03	125.83	2514.9
P40926	48.624	60.31	90.815	111.81	103.21	589.55	94.547	115.28	109.19	2587.9	48.624	60.31	90.815	111.81	103.21	589.55	94.547	115.28	109.19	2587.9
P42766	42.315	101.96	70.033	83.687	48.181	188.37	62.578	142.42	115.85	3060.6	42.315	101.96	70.033	83.687	48.181	188.37	62.578	142.42	115.85	3060.6
P46776	92.571	103.76	65.299	138.5	142.1	248.89	48.117	163	138.63	2333.3	92.571	103.76	65.299	138.5	142.1	248.89	48.117	163	138.63	2333.3
P47914	55.746	177.99	54.845	79.22	40.392	366.03	65.604	49.713	154.69	626.41	55.746	177.99	54.845	79.22	40.392	366.03	65.604	49.713	154.69	626.41
P47929	168.45	180.86	134.73	108.62	196.41	590.92	89.65	178.99	330.01	3039.5	168.45	180.86	134.73	108.62	196.41	590.92	89.65	178.99	330.01	3039.5
P48643	82.327	80.96	88.167	92.423	115.06	183.24	24.237	94.452	84.521	2238.1	82.327	80.96	88.167	92.423	115.06	183.24	24.237	94.452	84.521	2238.1
P48735	0	0	0	0	0	0	0	0	0	0	0	0	0	0	0	0	0	0	0	0
P49368	268.89	448.11	309.02	544.4	338.99	676.71	312.49	489.46	522.99	10784	268.89	448.11	309.02	544.4	338.99	676.71	312.49	489.46	522.99	10784
P50914	218.42	258.54	313.02	184.38	276.2	348.51	384.14	150.73	227.33	3245.3	218.42	258.54	313.02	184.38	276.2	348.51	384.14	150.73	227.33	3245.3
P50990	281.36	418.29	561.06	475.7	470.87	691.54	307.11	346.97	503.1	8983.5	281.36	418.29	561.06	475.7	470.87	691.54	307.11	346.97	503.1	8983.5
P50991	51.114	167.89	195.12	146.94	147.07	250.69	110.08	205.61	179	2884.1	51.114	167.89	195.12	146.94	147.07	250.69	110.08	205.61	179	2884.1
P51991	0	91.305	41.059	98.575	71.776	195.66	34.353	130.99	90.988	2144.2	0	91.305	41.059	98.575	71.776	195.66	34.353	130.99	90.988	2144.2
P52566	237.75	447.4	502.2	366.79	392.64	749.84	398.96	752.05	500.44	12968	237.75	447.4	502.2	366.79	392.64	749.84	398.96	752.05	500.44	12968
P52907;P47755	218.28	421.47	299.61	633.79	460.02	987.66	233.78	439.7	470.32	7478.1	218.28	421.47	299.61	633.79	460.02	987.66	233.78	439.7	470.32	7478.1
P53675;Q00610	55.199	66.939	47.854	49.746	36.296	210.68	49.219	98.345	104.57	1866.1	55.199	66.939	47.854	49.746	36.296	210.68	49.219	98.345	104.57	1866.1
P55072	222.1	342.22	227.69	274.93	194.1	520.67	281.04	219.73	344.05	3642.3	222.1	342.22	227.69	274.93	194.1	520.67	281.04	219.73	344.05	3642.3
Q99879;Q99877;Q93079;Q5QNW6;P62807;P58876;Q99880;O60814;P57053	1212.7	1421.7	1457.5	2232.3	1597.3	2308.6	1267.6	4278.3	2275.6	91727	1212.7	1421.7	1457.5	2232.3	1597.3	2308.6	1267.6	4278.3	2275.6	91727
P60174	214.35	278.15	155.22	279.52	268.3	617.36	151.36	235.3	282.64	5508.6	214.35	278.15	155.22	279.52	268.3	617.36	151.36	235.3	282.64	5508.6
P63261;P60709;Q6S8J3;P0CG38;A5A3E0;Q562R1;P0CG39;Q9BYX7	1670.8	2325.9	2383.5	4110	2292.8	6985.5	1914.6	4159.8	3205.6	84275	1670.8	2325.9	2383.5	4110	2292.8	6985.5	1914.6	4159.8	3205.6	84275
P60842;Q14240	429.25	893.08	681.05	1225.6	861.28	1834.4	509.81	1134.8	1009.2	23743	429.25	893.08	681.05	1225.6	861.28	1834.4	509.81	1134.8	1009.2	23743
P60866	152.57	171.98	175.62	277.85	242.78	328.61	176.37	180.75	259.11	4545.6	152.57	171.98	175.62	277.85	242.78	328.61	176.37	180.75	259.11	4545.6
P62834;P61224	0	0	0	0	0	0	0	0	0	0	0	0	0	0	0	0	0	0	0	0
P61247	80.925	70.95	98.818	60.104	62.017	164.1	68.039	77.336	92.166	2350.9	80.925	70.95	98.818	60.104	62.017	164.1	68.039	77.336	92.166	2350.9
P61604	584.98	787.27	759.58	731.32	672.64	1310.4	586.78	1140.8	955.68	24626	584.98	787.27	759.58	731.32	672.64	1310.4	586.78	1140.8	955.68	24626
P61978	248.94	286.71	290.84	278.81	281.27	492.44	203.04	508.77	345.23	8544	248.94	286.71	290.84	278.81	281.27	492.44	203.04	508.77	345.23	8544
P62081	114.92	123.76	126.38	148.69	166.35	268.81	84.354	196.82	195.49	4108.4	114.92	123.76	126.38	148.69	166.35	268.81	84.354	196.82	195.49	4108.4
P62195	92.248	133.73	156.65	155.58	139.4	206.61	117.86	33.555	110.54	2230.1	92.248	133.73	156.65	155.58	139.4	206.61	117.86	33.555	110.54	2230.1
P62241	262.08	343.49	307.45	372.41	231.61	508.44	245.22	252.76	267.22	5794.2	262.08	343.49	307.45	372.41	231.61	508.44	245.22	252.76	267.22	5794.2
P62258	116.72	211.04	164.03	250.37	232.95	536.23	134.31	289	224.34	3850.3	116.72	211.04	164.03	250.37	232.95	536.23	134.31	289	224.34	3850.3
P62263	112.62	134.77	107.95	84.586	107.39	298.73	131.52	140.36	152.9	2036.2	112.62	134.77	107.95	84.586	107.39	298.73	131.52	140.36	152.9	2036.2
P62266	52.387	91.974	56.001	63.751	96.947	135.37	69.397	76.077	58.482	1241.5	52.387	91.974	56.001	63.751	96.947	135.37	69.397	76.077	58.482	1241.5
P62280	211.52	349.1	203.49	345.37	276.3	640.94	222.25	277.79	409.08	7192.4	211.52	349.1	203.49	345.37	276.3	640.94	222.25	277.79	409.08	7192.4
P62314	67.314	217.88	105.02	133.31	151.06	303.3	139.79	119.32	104.51	1543.8	67.314	217.88	105.02	133.31	151.06	303.3	139.79	119.32	104.51	1543.8
P62318	64.398	132.98	83.436	150.72	121.2	240.29	100.72	168.02	128.51	2397.5	64.398	132.98	83.436	150.72	121.2	240.29	100.72	168.02	128.51	2397.5
P62328	228.33	764.3	313.03	568.99	409.98	846.88	285.98	592.63	479.93	19200	228.33	764.3	313.03	568.99	409.98	846.88	285.98	592.63	479.93	19200
P62424	65.921	199.56	140.86	266.75	157.81	308.62	41.243	276.18	241.04	5415.9	65.921	199.56	140.86	266.75	157.81	308.62	41.243	276.18	241.04	5415.9
P62701	26.107	142.83	63.69	102.41	108.9	198.94	50.12	155.42	134.1	4076.9	26.107	142.83	63.69	102.41	108.9	198.94	50.12	155.42	134.1	4076.9
P63267;P68133;P68032;P62736	118.98	216.63	202.56	247.7	234.99	403.24	134.58	258.86	236.56	6097	118.98	216.63	202.56	247.7	234.99	403.24	134.58	258.86	236.56	6097
P62750	47.256	183.51	123.31	164.58	155.47	263.18	159.75	190	201.92	4146.1	47.256	183.51	123.31	164.58	155.47	263.18	159.75	190	201.92	4146.1
P62753	79.301	172.96	163.41	186.34	153.46	277.63	159	125.34	205.83	2237.7	79.301	172.96	163.41	186.34	153.46	277.63	159	125.34	205.83	2237.7
P62805	1098.6	2776.4	2002.7	1904.2	1922.3	2895.6	1242.2	2913.1	2295.5	63478	1098.6	2776.4	2002.7	1904.2	1922.3	2895.6	1242.2	2913.1	2295.5	63478
P62826	157.95	428	190.84	354.49	171.2	435.62	188.45	365.68	319.83	7121	157.95	428	190.84	354.49	171.2	435.62	188.45	365.68	319.83	7121
P62851	177.45	209.34	211.58	230.12	173	403.79	127.17	273.19	311.41	5603.3	177.45	209.34	211.58	230.12	173	403.79	127.17	273.19	311.41	5603.3
P62857	42.427	149.56	106.19	127.32	78.534	168.54	57.006	122.37	149.05	2285.8	42.427	149.56	106.19	127.32	78.534	168.54	57.006	122.37	149.05	2285.8
P62899	74	249.36	107.91	147.13	202.57	270.73	100.01	104.83	179.34	1895.4	74	249.36	107.91	147.13	202.57	270.73	100.01	104.83	179.34	1895.4
P62906	110.3	230.79	106.56	240.54	214.08	355.67	109.83	257.19	238.52	5780.1	110.3	230.79	106.56	240.54	214.08	355.67	109.83	257.19	238.52	5780.1
P62937	397.9	678.24	340.04	827.03	486.82	1455.7	411.42	1455.9	1035	32960	397.9	678.24	340.04	827.03	486.82	1455.7	411.42	1455.9	1035	32960
P63104;P27348;Q04917;P31946;P61981	448.76	857.6	614.81	992.84	566.41	2167.1	458.42	780.96	802.25	15460	448.76	857.6	614.81	992.84	566.41	2167.1	458.42	780.96	802.25	15460
Q9GZV4;Q6IS14;P63241	0	59.255	55.071	61.539	71.76	96.506	44.198	95.553	58.194	926.08	0	59.255	55.071	61.539	71.76	96.506	44.198	95.553	58.194	926.08
P63244	116.2	156.4	160	138.11	132.21	348.32	103.62	152.76	152.51	2455.7	116.2	156.4	160	138.11	132.21	348.32	103.62	152.76	152.51	2455.7
P67809	44.814	93.876	63.648	72.62	74.096	136.59	51.317	49.382	58.543	618.79	44.814	93.876	63.648	72.62	74.096	136.59	51.317	49.382	58.543	618.79
P67936;CON__Q3SX28;P07951;P09493	615	1209.3	1149.5	1060.5	1137.9	3118.2	798.66	750.75	819.29	13896	615	1209.3	1149.5	1060.5	1137.9	3118.2	798.66	750.75	819.29	13896
P68104;Q5VTE0;Q05639	505.68	1309.4	828.55	1488.2	859.78	1866.7	1110.7	1087.8	1411.6	21379	505.68	1309.4	828.55	1488.2	859.78	1866.7	1110.7	1087.8	1411.6	21379
P68371;P04350;Q3ZCM7	31.986	126.21	105.99	150.93	87.325	261.47	70.751	135.51	169.21	1921.3	31.986	126.21	105.99	150.93	87.325	261.47	70.751	135.51	169.21	1921.3
Q71DI3;Q16695;P68431;P84243;Q6NXT2	1442.6	1852.5	1895.3	2002	1902.5	3144.2	1656.6	4088.4	2824.1	92268	1442.6	1852.5	1895.3	2002	1902.5	3144.2	1656.6	4088.4	2824.1	92268
P68871	95.016	115.28	120.95	98.097	172.42	182.74	86.209	33.224	138.3	657.81	95.016	115.28	120.95	98.097	172.42	182.74	86.209	33.224	138.3	657.81
P78371	170.98	227.63	217.31	245.56	219.27	294.09	175.05	149.86	196.71	3493.1	170.98	227.63	217.31	245.56	219.27	294.09	175.05	149.86	196.71	3493.1
P81605	2420.8	6012.1	6015.9	5044.9	2948.2	16565	2016.4	1625.2	2929.9	23597	2420.8	6012.1	6015.9	5044.9	2948.2	16565	2016.4	1625.2	2929.9	23597
P83731	124.03	135.29	109.17	116.27	126.15	229.57	91.157	152.66	107.09	2504.5	124.03	135.29	109.17	116.27	126.15	229.57	91.157	152.66	107.09	2504.5
P84103	32.577	100.67	46.209	117.82	61.262	139.79	44.341	103.75	99.732	2294.3	32.577	100.67	46.209	117.82	61.262	139.79	44.341	103.75	99.732	2294.3
Q00325	46.927	39.731	43.787	61.599	51.681	107.16	0	0	42.984	870.93	46.927	39.731	43.787	61.599	51.681	107.16	0	0	42.984	870.93
Q00839	530.86	635.92	446.51	737.07	555.8	1191	480.87	568.2	707.51	12576	530.86	635.92	446.51	737.07	555.8	1191	480.87	568.2	707.51	12576
Q02413	495.49	1359	625.1	920.65	1010.7	2416.8	557.61	438.73	749.35	5588.5	495.49	1359	625.1	920.65	1010.7	2416.8	557.61	438.73	749.35	5588.5
Q02878	210.18	302.66	217.18	381.62	286.08	624.12	211.8	423.22	590.28	8642.5	210.18	302.66	217.18	381.62	286.08	624.12	211.8	423.22	590.28	8642.5
Q06830;Q13162	372.88	928.99	625.72	824.32	687.23	2182.5	388.25	941.81	831.67	17946	372.88	928.99	625.72	824.32	687.23	2182.5	388.25	941.81	831.67	17946
Q07955	0	0	0	0	0	0	0	0	0	0	0	0	0	0	0	0	0	0	0	0
Q08211	69.35	204.46	87.465	200.15	113.79	225.2	106.54	149.09	194.77	1524.3	69.35	204.46	87.465	200.15	113.79	225.2	106.54	149.09	194.77	1524.3
Q08554	136.4	251.37	166.6	238.06	233.7	526.07	161.12	110.92	234.3	1477	136.4	251.37	166.6	238.06	233.7	526.07	161.12	110.92	234.3	1477
Q12905	37.326	86.152	61.52	64.921	104.01	123.6	53.708	71.543	76.402	1018.5	37.326	86.152	61.52	64.921	104.01	123.6	53.708	71.543	76.402	1018.5
Q13163	195.32	772.47	476.99	485.9	758.68	551	247.33	59.595	580.33	431.92	195.32	772.47	476.99	485.9	758.68	551	247.33	59.595	580.33	431.92
Q13185	39.988	50.781	44.776	53.202	77.652	98.798	51.478	74.652	58.015	1640	39.988	50.781	44.776	53.202	77.652	98.798	51.478	74.652	58.015	1640
Q13263	60.377	69.155	57.52	72.079	63.387	174.31	24.182	63.865	91.806	855.85	60.377	69.155	57.52	72.079	63.387	174.31	24.182	63.865	91.806	855.85
Q13296	84.104	178.92	156.01	139.65	134.55	1223.4	66.397	81.256	80.699	1189.4	84.104	178.92	156.01	139.65	134.55	1223.4	66.397	81.256	80.699	1189.4
Q13867	86.637	104.63	166.82	191.05	222.72	284.34	75.912	135.04	278.11	1738.6	86.637	104.63	166.82	191.05	222.72	284.34	75.912	135.04	278.11	1738.6
Q14789	233.27	746.56	273.45	297.19	194.88	616.93	143.35	187.08	303.41	2916.1	233.27	746.56	273.45	297.19	194.88	616.93	143.35	187.08	303.41	2916.1
Q14974	36.621	54.547	55.061	92.139	61.712	83.808	0	36.646	65.72	620.16	36.621	54.547	55.061	92.139	61.712	83.808	0	36.646	65.72	620.16
Q15233	167.75	247.17	158.86	300.85	333.1	476.1	167.51	220.61	356.94	4434.8	167.75	247.17	158.86	300.85	333.1	476.1	167.51	220.61	356.94	4434.8
Q15366;Q15365;P57721;P57723	191.15	351.51	268.88	295.22	313.72	971.54	169.43	358.95	302.46	8563.6	191.15	351.51	268.88	295.22	313.72	971.54	169.43	358.95	302.46	8563.6
Q16629	0	71.053	82.946	76.165	62.715	122.29	43.221	73.913	89.484	1270.5	0	71.053	82.946	76.165	62.715	122.29	43.221	73.913	89.484	1270.5
Q16777;Q6FI13	0	0	0	0	0	0	0	0	0	140.61	0	0	0	0	0	0	0	0	0	140.61
Q6UWP8	69.884	132.76	126.03	109.23	99.795	215.12	53.065	0	63.76	476.83	69.884	132.76	126.03	109.23	99.795	215.12	53.065	0	63.76	476.83
Q7Z406	0	45.443	47.632	37.95	30.684	90.589	48.717	41.92	71.256	641.75	0	45.443	47.632	37.95	30.684	90.589	48.717	41.92	71.256	641.75
Q86V81	37.092	96.502	82.017	59.167	88.769	93.173	23.041	0	75.447	773.85	37.092	96.502	82.017	59.167	88.769	93.173	23.041	0	75.447	773.85
Q8NC51	88.189	98.815	162.88	158.83	76.128	140.08	34.432	0	111.89	1686.8	88.189	98.815	162.88	158.83	76.128	140.08	34.432	0	111.89	1686.8
Q8TF30	189.88	392.57	138.23	245.28	143.85	274.81	130.03	100.19	282.1	1276	189.88	392.57	138.23	245.28	143.85	274.81	130.03	100.19	282.1	1276
Q8WVV4	21.684	107.04	0	70.704	48.062	1074.6	38.997	0	36.967	215.62	21.684	107.04	0	70.704	48.062	1074.6	38.997	0	36.967	215.62
Q92804	0	0	0	0	0	0	0	0	0	0	0	0	0	0	0	0	0	0	0	0
Q93077;Q7L7L0;P04908	110.33	159.79	141.88	152.02	183.66	208.33	92.012	262.2	133.41	6404.4	110.33	159.79	141.88	152.02	183.66	208.33	92.012	262.2	133.41	6404.4
Q96AE4	47.133	52.298	68.206	69.261	69.956	170.82	37.352	85.182	83.855	1606.6	47.133	52.298	68.206	69.261	69.956	170.82	37.352	85.182	83.855	1606.6
Q96DR8	0	0	0	0	0	0	0	0	0	0	0	0	0	0	0	0	0	0	0	0
Q96P63	178	468.15	197.99	239.28	301.92	650.99	177.54	82.94	337.25	1501.6	178	468.15	197.99	239.28	301.92	650.99	177.54	82.94	337.25	1501.6
Q99497	58.083	55.348	93.494	99.848	45.167	105	25.148	124.42	79.657	2267.1	58.083	55.348	93.494	99.848	45.167	105	25.148	124.42	79.657	2267.1
Q99623	0	0	0	0	0	0	0	0	0	0	0	0	0	0	0	0	0	0	0	0
Q99832	158.17	238.88	196.8	287.28	169.69	874.61	157.11	322.72	163.38	6329.4	158.17	238.88	196.8	287.28	169.69	874.61	157.11	322.72	163.38	6329.4
Q9BPU6	132.64	443.76	224.9	372.09	215.23	291.36	357.95	501.83	386.57	11626	132.64	443.76	224.9	372.09	215.23	291.36	357.95	501.83	386.57	11626
Q9BYP7	595.09	1202.8	710.48	715.14	970.12	997.65	401.22	223.93	586.9	4930.4	595.09	1202.8	710.48	715.14	970.12	997.65	401.22	223.93	586.9	4930.4
Q9GZZ8	549.37	376.4	574.31	199.24	637.89	403.91	528.25	99.109	396.45	1894.2	549.37	376.4	574.31	199.24	637.89	403.91	528.25	99.109	396.45	1894.2
Q9HB71	54.626	82.691	91.117	58.604	86.628	143.46	153.76	166.86	162.08	4181.1	54.626	82.691	91.117	58.604	86.628	143.46	153.76	166.86	162.08	4181.1
Q9NZT1	62.607	79.684	87.797	82.948	96.135	178.87	48.377	0	183.46	307.82	62.607	79.684	87.797	82.948	96.135	178.87	48.377	0	183.46	307.82
Q9P0L0	43.458	0	112.62	96.393	99.405	159.9	78.167	72.545	125.29	978.91	43.458	0	112.62	96.393	99.405	159.9	78.167	72.545	125.29	978.91
Q9UH77	106.99	428.59	75.458	205.52	109.02	1964.2	50.493	123.71	167.86	789.55	106.99	428.59	75.458	205.52	109.02	1964.2	50.493	123.71	167.86	789.55
Q9UQ80	0	0	0	0	0	0	0	0	0	0	0	0	0	0	0	0	0	0	0	0
Q9Y617	0	0	0	0	0	0	0	0	0	0	0	0	0	0	0	0	0	0	0	0
REV__O15440	2324.4	5908.5	2453.4	2633.5	2557.5	3304.7	2674	621.74	3959.4	13149	2324.4	5908.5	2453.4	2633.5	2557.5	3304.7	2674	621.74	3959.4	13149
REV__Q70CQ2	35.199	70.542	101.89	79.441	93.488	179.75	57.371	128.93	94.778	2373.7	35.199	70.542	101.89	79.441	93.488	179.75	57.371	128.93	94.778	2373.7
REV__Q96RD6	63.761	70.823	106.48	73.845	250.03	101.66	68.143	124.62	85.04	1038.2	63.761	70.823	106.48	73.845	250.03	101.66	68.143	124.62	85.04	1038.2
