Protein IDs	Reporter intensity corrected 1	Reporter intensity corrected 2	Reporter intensity corrected 3	Reporter intensity corrected 4	Reporter intensity corrected 5	Reporter intensity corrected 6	Reporter intensity corrected 7	Reporter intensity corrected 8	Reporter intensity corrected 9	Reporter intensity corrected 10	Reporter intensity 1	Reporter intensity 2	Reporter intensity 3	Reporter intensity 4	Reporter intensity 5	Reporter intensity 6	Reporter intensity 7	Reporter intensity 8	Reporter intensity 9	Reporter intensity 10
P0DN37;P0DN26;A0A0B4J2A2;A0A075B767;A0A075B759;Q9Y536;F5H284;P62937;O43447;P30405;Q08752;P49792	620590	9972.9	31220	15914	5338.8	6449.3	5089.9	2175.8	7062.3	7450.7	620590	9972.9	31220	15914	5338.8	6449.3	5089.9	2175.8	7062.3	7450.7
CON__P00761	107820	104310	10735	160630	150510	146000	170150	164770	187610	171390	107820	104310	10735	160630	150510	146000	170150	164770	187610	171390
CON__P02533;P02533;CON__Q61782;CON__Q8N1A0;CON__P35900;CON__Q9D312;Q8N1A0;P35900;Q9ULK0	131540	36735	8903.5	9645.2	9410.4	7756.7	3214.4	55012	4921.4	2231400	131540	36735	8903.5	9645.2	9410.4	7756.7	3214.4	55012	4921.4	2231400
CON__P02538;P02538;CON__P50446;CON__Q8VED5;CON__H-INV:HIT000292931	60526	19843	3869.9	5378.2	1336.2	2867.4	656.19	77028	2729.2	3229500	60526	19843	3869.9	5378.2	1336.2	2867.4	656.19	77028	2729.2	3229500
CON__P02769;CON__P02768-1;P02768	436370	13924	25343	12391	6185.7	8651	10645	4870.9	3826.1	20056	436370	13924	25343	12391	6185.7	8651	10645	4870.9	3826.1	20056
CON__P04259	14844	1529.3	869.65	1179.6	927.74	1774.3	1942.1	8667.6	1747.9	352360	14844	1529.3	869.65	1179.6	927.74	1774.3	1942.1	8667.6	1747.9	352360
CON__P08779;P08779;CON__P19012;CON__A2A4G1;P19012	228010	25389	19407	15570	12791	10017	8658	118870	10068	4858300	228010	25389	19407	15570	12791	10017	8658	118870	10068	4858300
P13645;CON__P13645;CON__P02535-1;CON__Q7Z3Y7;Q7Z3Y7;CON__Q148H6;CON__P05784;Q7Z3Z0;Q2M2I5;CON__Q7Z3Z0;CON__Q2M2I5;CON__Q7Z3Y8;Q7Z3Y8;CON__Q7Z3Y9;CON__REFSEQ:XP_986630;CON__O76014;CON__Q14525;CON__A2A5Y0;CON__Q497I4;CON__Q92764;CON__O76015;CON__Q14532;CON__O76013;CON__A2AB72;Q7Z3Y9;CON__Q15323;Q14525;O76014;Q14532;P05783;CON__Q9UE12;Q92764;O76013;Q15323;O76015	130370	18520	10873	6612	3024.7	5640.8	4648	66448	5803.8	2742300	130370	18520	10873	6612	3024.7	5640.8	4648	66448	5803.8	2742300
P13647;CON__P13647;CON__P07744	167640	19957	17456	4886	6811.1	7105.3	1491.5	85665	4745.4	3960700	167640	19957	17456	4886	6811.1	7105.3	1491.5	85665	4745.4	3960700
CON__P13717	79137	3178.9	5404.6	88582	87586	87451	108150	101700	100780	109960	79137	3178.9	5404.6	88582	87586	87451	108150	101700	100780	109960
CON__P35908v2;P35908;CON__P35908;CON__Q7Z794;Q7Z794	145470	15464	10427	6701.5	3844.7	6400.8	1599.3	108770	9646.1	4718800	145470	15464	10427	6701.5	3844.7	6400.8	1599.3	108770	9646.1	4718800
CON__P48668;P48668	3623.5	1815	0	443.31	0	489.71	0	3883	0	126000	3623.5	1815	0	443.31	0	489.71	0	3883	0	126000
CON__Q04695;Q04695;CON__P19001;CON__Q9C075;CON__Q99PS0;Q9C075	46560	12502	3357.9	4493.2	1308.6	2447.8	328.61	26443	1748	948430	46560	12502	3357.9	4493.2	1308.6	2447.8	328.61	26443	1748	948430
CON__Q14CN4-1;CON__Q6IME9;Q14CN4;CON__Q3SY84;CON__Q7RTS7;CON__Q32MB2;Q3SY84;Q7RTS7;Q86Y46	1961.6	1634.9	0	0	0	0	0	741.43	0	29423	1961.6	1634.9	0	0	0	0	0	741.43	0	29423
CON__Q9Z2K1;CON__Q3ZAW8	14209	1473.4	969.01	617.31	0	299.88	0	5531.1	0	259810	14209	1473.4	969.01	617.31	0	299.88	0	5531.1	0	259810
CON__Q5D862;Q5D862	3045.6	340.61	0	0	359.39	447.78	0	1191.4	0	40970	3045.6	340.61	0	0	359.39	447.78	0	1191.4	0	40970
CON__Q7RTT2;CON__Q8N1N4-2;Q8N1N4	41443	3844.5	1184.9	2081.9	367.11	2118.9	426.78	6789.4	741.37	260300	41443	3844.5	1184.9	2081.9	367.11	2118.9	426.78	6789.4	741.37	260300
CON__Q86YZ3;Q86YZ3	4369.4	388.94	626.73	294.58	0	0	0	1187	236.93	51391	4369.4	388.94	626.73	294.58	0	0	0	1187	236.93	51391
Q13765;E9PAV3	26549	1326.3	1951.4	720.61	337.07	661.14	0	456.25	424.5	20831	26549	1326.3	1951.4	720.61	337.07	661.14	0	456.25	424.5	20831
O00148;Q13838	103390	29460	6363.5	6747.3	1594.5	1770.3	1601.5	2153.6	1301.9	6560.5	103390	29460	6363.5	6747.3	1594.5	1770.3	1601.5	2153.6	1301.9	6560.5
O00299	217750	8554.3	13383	5094.3	2374.1	5979	2440	1614.5	1731.3	14665	217750	8554.3	13383	5094.3	2374.1	5979	2440	1614.5	1731.3	14665
P47813;O14602	23376	1442.7	1615.9	571.86	441.51	256.69	0	257.95	417.54	3264.9	23376	1442.7	1615.9	571.86	441.51	256.69	0	257.95	417.54	3264.9
O60506;O43390	75220	4613.7	3825.2	2342.1	1158.6	1426.4	921.78	593.82	1329.1	6785.4	75220	4613.7	3825.2	2342.1	1158.6	1426.4	921.78	593.82	1329.1	6785.4
O43707;P12814	102280	3244.5	5728.4	1866.4	1125.7	1508.4	779.39	1152.2	988.03	5110.2	102280	3244.5	5728.4	1866.4	1125.7	1508.4	779.39	1152.2	988.03	5110.2
Q99879;Q99877;Q93079;Q5QNW6;P62807;P58876;O60814;P57053	73777	17846	4165.9	2255.6	798.21	914.96	746.44	727.08	1432.9	2024.6	73777	17846	4165.9	2255.6	798.21	914.96	746.44	727.08	1432.9	2024.6
O75083	58006	1892	3371.2	1454.2	1381	1427.6	692.99	369.48	309.83	4176.6	58006	1892	3371.2	1454.2	1381	1427.6	692.99	369.48	309.83	4176.6
Q9P0M6;O75367	43929	1240.3	1943.4	919.75	350.74	962.7	716.01	335.81	490.86	2102.6	43929	1240.3	1943.4	919.75	350.74	962.7	716.01	335.81	490.86	2102.6
P26599;O95758	52578	721.93	3024	650.08	358.67	0	348.33	0	450.92	381.84	52578	721.93	3024	650.08	358.67	0	348.33	0	450.92	381.84
P00338	143560	7643.5	9048.4	2369.9	632.4	2233.8	2007.2	1315.3	1357.9	4732	143560	7643.5	9048.4	2369.9	632.4	2233.8	2007.2	1315.3	1357.9	4732
P00441	46168	3663.9	2476	2736.2	1205.7	1202	490.26	1756.4	1302.4	42842	46168	3663.9	2476	2736.2	1205.7	1202	490.26	1756.4	1302.4	42842
P00558;P07205	513720	15534	28771	11366	6898.7	7911.1	5929.9	4413.1	6279.3	26653	513720	15534	28771	11366	6898.7	7911.1	5929.9	4413.1	6279.3	26653
P01040	88453	5747.5	5981.7	2890.8	1807.6	1701.4	1072.1	7378.9	2722.1	301910	88453	5747.5	5981.7	2890.8	1807.6	1701.4	1072.1	7378.9	2722.1	301910
P02545;REV__Q5VX52;P20700;Q03252	1112500	22844	59146	17985	9891.3	15565	14151	6393.9	3535.3	79801	1112500	22844	59146	17985	9891.3	15565	14151	6393.9	3535.3	79801
P04040	17814	1521	674.76	660.57	1616.2	425.5	531.38	269.44	585.94	11972	17814	1521	674.76	660.57	1616.2	425.5	531.38	269.44	585.94	11972
P04075;P09972;P05062	1079300	25680	56554	21470	8684	13836	10676	5905.9	11345	46525	1079300	25680	56554	21470	8684	13836	10676	5905.9	11345	46525
P04083	138200	2998.8	7596.9	2618.5	1126.4	1947.1	1731.6	2031.6	482.92	24849	138200	2998.8	7596.9	2618.5	1126.4	1947.1	1731.6	2031.6	482.92	24849
P04259	2107.6	0	0	0	0	0	0	3151.5	697.37	170070	2107.6	0	0	0	0	0	0	3151.5	697.37	170070
P04264;CON__P04264;CON__H-INV:HIT000016045;Q08378	172080	36634	10747	11737	5978.4	10141	2386.7	209350	8706.8	8686000	172080	36634	10747	11737	5978.4	10141	2386.7	209350	8706.8	8686000
P04406;O14556	1529600	23546	87748	41347	23691	25671	23189	16699	23662	371790	1529600	23546	87748	41347	23691	25671	23189	16699	23662	371790
P04792	229830	4727.3	11001	4531.8	2170	4221.4	2441.2	2076.9	1907.4	32455	229830	4727.3	11001	4531.8	2170	4221.4	2441.2	2076.9	1907.4	32455
P05089	15572	2834.9	700.94	1389.2	0	895.8	250.72	3480.9	0	180900	15572	2834.9	700.94	1389.2	0	895.8	250.72	3480.9	0	180900
P05107	65629	1962.5	4296.8	2617.3	473.45	1560.4	601.12	1689.2	293.07	4054.7	65629	1962.5	4296.8	2617.3	473.45	1560.4	601.12	1689.2	293.07	4054.7
P05114	86128	2836.1	5839.8	768.31	905.62	1105.4	675.04	198.27	555.86	2245.4	86128	2836.1	5839.8	768.31	905.62	1105.4	675.04	198.27	555.86	2245.4
P05120	144750	1920.1	8014.7	5334.9	224.61	9225.5	896	1461.9	0	15938	144750	1920.1	8014.7	5334.9	224.61	9225.5	896	1461.9	0	15938
P05141;P12236;P12235	162740	4173.6	10071	4046.7	2654.8	3047.7	3194.5	1049.6	4485.3	3661	162740	4173.6	10071	4046.7	2654.8	3047.7	3194.5	1049.6	4485.3	3661
P05198	21008	0	1100.3	355.9	0	0	0	0	0	499.15	21008	0	1100.3	355.9	0	0	0	0	0	499.15
P05204	111180	4383.3	7671.1	1014	654.3	1050.7	1397.1	0	1323.3	5558.7	111180	4383.3	7671.1	1014	654.3	1050.7	1397.1	0	1323.3	5558.7
P05387	137330	4459.6	7849.5	4987.7	1829.3	3498.7	2891.2	1744.9	3190.5	8262.5	137330	4459.6	7849.5	4987.7	1829.3	3498.7	2891.2	1744.9	3190.5	8262.5
Q8NHW5;P05388	73920	3244.4	4567.2	1698	588.38	776.68	449.78	583.16	1342.1	2690.3	73920	3244.4	4567.2	1698	588.38	776.68	449.78	583.16	1342.1	2690.3
P05455	98006	3159.6	5882.5	1628.3	1314.7	1910.2	1870.8	2388.4	1848.3	3120.5	98006	3159.6	5882.5	1628.3	1314.7	1910.2	1870.8	2388.4	1848.3	3120.5
P06396;CON__Q3SX14;REV__Q6TDU7	172240	3661.7	11631	6002.5	1836.7	4447.8	1427.6	2232.3	675.29	16432	172240	3661.7	11631	6002.5	1836.7	4447.8	1427.6	2232.3	675.29	16432
P06454	340800	9099.5	21496	3964	2538.4	1463.1	2302.5	394.24	6546.6	6990	340800	9099.5	21496	3964	2538.4	1463.1	2302.5	394.24	6546.6	6990
P06576	78361	2380.2	3724	1072.8	341.02	1625.3	580.31	350.57	617.63	5088.3	78361	2380.2	3724	1072.8	341.02	1625.3	580.31	350.57	617.63	5088.3
P06703	321980	9870.3	18435	7664.2	4464.3	4643.1	3743.8	1818.8	2401.2	8430.2	321980	9870.3	18435	7664.2	4464.3	4643.1	3743.8	1818.8	2401.2	8430.2
P06733;REV__A0A1B0GUJ8;P13929;P54764	1522300	58994	96683	36680	15487	21955	18734	8515.3	21553	88074	1522300	58994	96683	36680	15487	21955	18734	8515.3	21553	88074
P06744;Q8N196	433870	15065	29737	11360	5484.4	7264.9	5272.3	2744.7	8131.5	24231	433870	15065	29737	11360	5484.4	7264.9	5272.3	2744.7	8131.5	24231
P06748	684370	20608	40253	14554	8817.9	10658	10977	5548.2	16500	20108	684370	20608	40253	14554	8817.9	10658	10977	5548.2	16500	20108
P06753;CON__Q3SX28;P09493;P07951;REV__Q5T655;Q8ND24	81527	4627.3	3717.5	2836	572.34	2397.5	919.63	1317.7	648.44	8488.1	81527	4627.3	3717.5	2836	572.34	2397.5	919.63	1317.7	648.44	8488.1
P07108;REV__A2A2Z9;Q96K80;Q96A19;Q9Y2L6;Q9H0E9	155470	2825.5	9704.7	2155.5	2567	2887.3	2072	987.2	1283.1	3645.2	155470	2825.5	9704.7	2155.5	2567	2887.3	2072	987.2	1283.1	3645.2
P07195	157790	7976.2	7101.6	2410	2801	2493.8	1843.4	1985.5	3019.2	5444.6	157790	7976.2	7101.6	2410	2801	2493.8	1843.4	1985.5	3019.2	5444.6
P07237	1210700	31533	67661	29808	14597	18906	13634	13177	26649	63867	1210700	31533	67661	29808	14597	18906	13634	13177	26649	63867
P07339	332800	4971.6	16802	13565	5423.1	7452.2	9116.7	1736.2	2883.1	13825	332800	4971.6	16802	13565	5423.1	7452.2	9116.7	1736.2	2883.1	13825
P07355;A6NMY6	645450	17903	39002	23027	10171	11940	13528	7783	3289.7	167040	645450	17903	39002	23027	10171	11940	13528	7783	3289.7	167040
P07437;Q9BVA1;Q13885;Q13509	232560	11723	12622	6619.9	2927.6	5253.2	3772.6	2980.5	3656.5	17073	232560	11723	12622	6619.9	2927.6	5253.2	3772.6	2980.5	3656.5	17073
P07737;CON__P02584	246680	18235	17258	5753.8	2968.5	6411.7	2434.5	4813.9	3461.2	14086	246680	18235	17258	5753.8	2968.5	6411.7	2434.5	4813.9	3461.2	14086
P07858	38957	2509.2	2140.2	2463	598.71	2212	759.38	2565	337.37	4570	38957	2509.2	2140.2	2463	598.71	2212	759.38	2565	337.37	4570
P07900;Q14568;Q58FG1	279250	13368	16413	5711.2	4423.1	5037.6	3690.8	3175.1	3740.1	13264	279250	13368	16413	5711.2	4423.1	5037.6	3690.8	3175.1	3740.1	13264
P07910;P0DMR1;O60812;B7ZW38;B2RXH8	230300	6684.1	15149	3841.5	3056.1	1780.9	3575.3	2005.3	4849.9	5974.6	230300	6684.1	15149	3841.5	3056.1	1780.9	3575.3	2005.3	4849.9	5974.6
P08133	29118	1607.3	1593.4	1142.7	345.82	754.9	338.77	584.48	304.41	3814.8	29118	1607.3	1593.4	1142.7	345.82	754.9	338.77	584.48	304.41	3814.8
P08238;Q58FF7;Q58FF8;Q58FF6;Q58FG0;Q92538	1286300	56736	71443	22946	9785	13457	11550	9829.3	19481	52296	1286300	56736	71443	22946	9785	13457	11550	9829.3	19481	52296
P08311	27434	923.1	1982.1	548.29	0	428.84	321.2	709.85	1241.3	6097	27434	923.1	1982.1	548.29	0	428.84	321.2	709.85	1241.3	6097
P08670;P17661;P41219;P14136;CON__P78385;P07196;CON__Q61726;CON__P78386;CON__O43790;CON__Q6NT21;P07197;Q14533;P78386;CON__Q14533;Q16352;P78385;O43790;P12036	2404200	40687	150390	67611	26555	46086	43127	29764	7902.7	471960	2404200	40687	150390	67611	26555	46086	43127	29764	7902.7	471960
P08758	80048	1304.5	4186.1	1915.3	1002	1494.9	797.65	647.14	746.06	3298.9	80048	1304.5	4186.1	1915.3	1002	1494.9	797.65	647.14	746.06	3298.9
P08865;Q9UBC7;Q68DK2	119000	3259.8	5751	2589.8	2161.9	1691.8	888.03	276.06	1177.2	3374	119000	3259.8	5751	2589.8	2161.9	1691.8	888.03	276.06	1177.2	3374
P09211	99974	3520.3	5820.3	1540.3	1390.9	945.86	931.83	734.66	1568	5073.2	99974	3520.3	5820.3	1540.3	1390.9	945.86	931.83	734.66	1568	5073.2
P09382	98885	1270.8	6383.8	2203.2	1634.5	2462.7	1116.2	588.24	923.9	1617.5	98885	1270.8	6383.8	2203.2	1634.5	2462.7	1116.2	588.24	923.9	1617.5
P26583;P09429;P23497	116160	2835.1	6485.8	1715.7	1123.1	760.89	1254	943.1	1742.5	1969.5	116160	2835.1	6485.8	1715.7	1123.1	760.89	1254	943.1	1742.5	1969.5
P09496	20352	874.58	628.59	364.14	402.1	490.26	0	393.66	0	1805.1	20352	874.58	628.59	364.14	402.1	490.26	0	393.66	0	1805.1
Q32P51;P09651	81790	9149.9	3824.6	2657.4	1612	1140.6	2093.8	888.1	2682.6	1823.2	81790	9149.9	3824.6	2657.4	1612	1140.6	2093.8	888.1	2682.6	1823.2
Q71UI9;P0C0S5	39985	1805.4	2612.5	1865.8	726.7	305.83	251.97	0	759.9	594.98	39985	1805.4	2612.5	1865.8	726.7	305.83	251.97	0	759.9	594.98
Q99878;Q96KK5;Q9BTM1;Q16777;Q93077;Q6FI13;P0C0S8;Q96QV6;Q7L7L0;P20671;P04908;Q8IUE6;P16104;REV__Q8NB25	409010	6448.7	23670	6337.6	3987.8	4452	2863	2136.3	6511.9	9511.9	409010	6448.7	23670	6337.6	3987.8	4452	2863	2136.3	6511.9	9511.9
P62987;P62979;P0CG47;P0CG48	406430	12869	21933	11553	5072.7	8053.2	5999.2	5335.9	8714.3	90114	406430	12869	21933	11553	5072.7	8053.2	5999.2	5335.9	8714.3	90114
Q01105;P0DME0	53829	4410.3	2767.2	1655.4	731.78	1474.8	1018	464.54	1623.3	2450.4	53829	4410.3	2767.2	1655.4	731.78	1474.8	1018	464.54	1623.3	2450.4
P0DP25;P0DP24;P0DP23;P27482;P02585	269550	19248	19136	7650.6	2343.7	5597.7	3642.2	3578.2	2338.2	7885.7	269550	19248	19136	7650.6	2343.7	5597.7	3642.2	3578.2	2338.2	7885.7
P0DPF3;REV__Q14571;REV__Q14643;Q3BBV2	157940	2930.5	8073.6	1986.3	804.59	1231.3	1113.7	843.29	1570.2	7769.5	157940	2930.5	8073.6	1986.3	804.59	1231.3	1113.7	843.29	1570.2	7769.5
P10412;Q02539;P22492	1826800	45900	110670	32623	15189	15658	15363	9363.3	25306	37782	1826800	45900	110670	32623	15189	15658	15363	9363.3	25306	37782
P10599	83321	3475.3	4024.2	2169.7	1414.4	1784.8	1425.6	1225	1480.3	44266	83321	3475.3	4024.2	2169.7	1414.4	1784.8	1425.6	1225	1480.3	44266
P10809	935090	17906	51910	15547	7634.3	11545	10117	4347.7	14632	28333	935090	17906	51910	15547	7634.3	11545	10117	4347.7	14632	28333
P11021;REV__Q9NXD2	656710	12579	39761	14557	4809.4	7741.5	7890.7	6184.9	6552.8	45876	656710	12579	39761	14557	4809.4	7741.5	7890.7	6184.9	6552.8	45876
P11142;P54652	1217000	35518	71295	19003	7558.8	11251	11211	4597.8	13104	56488	1217000	35518	71295	19003	7558.8	11251	11211	4597.8	13104	56488
P11279	36135	970.47	2428	1493.2	521.45	801.21	567.24	841.66	452.85	4286.9	36135	970.47	2428	1493.2	521.45	801.21	567.24	841.66	452.85	4286.9
Q9H361;P11940	23136	374.25	1308.9	415.3	0	420.71	417.79	0	0	572.75	23136	374.25	1308.9	415.3	0	420.71	417.79	0	0	572.75
P12956	46632	1191.3	1964.7	404.77	0	334.95	423.82	0	515.31	1546.6	46632	1191.3	1964.7	404.77	0	334.95	423.82	0	515.31	1546.6
P13489	57076	3754.9	3772.4	2413	562.96	1510.5	765.43	859.31	280.66	5771.6	57076	3754.9	3772.4	2413	562.96	1510.5	765.43	859.31	280.66	5771.6
P13639;Q15029	766990	51064	46465	19055	9005.8	13617	10165	6353.6	17486	97233	766990	51064	46465	19055	9005.8	13617	10165	6353.6	17486	97233
P13667	82928	1814	3318.1	2404.6	0	765.64	1235.1	505.91	911.16	5215.9	82928	1814	3318.1	2404.6	0	765.64	1235.1	505.91	911.16	5215.9
P13796	409980	12595	22726	12223	6406.6	9690.8	9597.1	2632.1	4024.3	11692	409980	12595	22726	12223	6406.6	9690.8	9597.1	2632.1	4024.3	11692
P14618;P30613;P09466;Q15431	1291900	32734	81312	37561	18477	34068	23525	15322	16843	126490	1291900	32734	81312	37561	18477	34068	23525	15322	16843	126490
P14625;Q58FF3	454530	8123.1	26705	8248.5	3743.5	6292.9	5075.1	1714.7	3860.8	17992	454530	8123.1	26705	8248.5	3743.5	6292.9	5075.1	1714.7	3860.8	17992
P14923	77088	11288	8156.8	4196.6	1904.1	3724.4	321.77	19441	3019.3	863040	77088	11288	8156.8	4196.6	1904.1	3724.4	321.77	19441	3019.3	863040
P15153;P63000;P60763	129670	2765.6	6887.9	2568	2028.3	2361.4	1715.6	790.32	1128.9	7783.4	129670	2765.6	6887.9	2568	2028.3	2361.4	1715.6	790.32	1128.9	7783.4
P15259;Q8N0Y7;P18669	43131	1177.2	2830.2	2727.1	1462.9	2270.3	1553.5	1120.6	901.64	3490.9	43131	1177.2	2830.2	2727.1	1462.9	2270.3	1553.5	1120.6	901.64	3490.9
P15880	119690	5554.9	10124	3074.1	2216.7	1801.8	1270.3	1851.1	1578.8	17430	119690	5554.9	10124	3074.1	2216.7	1801.8	1270.3	1851.1	1578.8	17430
P15924;REV__Q96QA5;REV__Q15477;REV__Q15911	372980	53335	29359	20821	12306	15904	6343.3	85437	22857	3803300	372980	53335	29359	20821	12306	15904	6343.3	85437	22857	3803300
P16401	451570	11607	31896	5619.4	4282.7	4768.9	3500.6	2156.5	5856.4	9852	451570	11607	31896	5619.4	4282.7	4768.9	3500.6	2156.5	5856.4	9852
P16403	289750	13143	17345	7955.2	1867.3	3345.7	1953	2119	4468.1	9568	289750	13143	17345	7955.2	1867.3	3345.7	1953	2119	4468.1	9568
P16949;Q9H169	262550	7071.6	13513	3318.5	2336.6	1978.7	1398	1057.8	3772.9	8904	262550	7071.6	13513	3318.5	2336.6	1978.7	1398	1057.8	3772.9	8904
P17066;P48741	150820	5031.2	7975.6	2633.5	912.68	2134.5	1790.9	1534.2	2268.3	11147	150820	5031.2	7975.6	2633.5	912.68	2134.5	1790.9	1534.2	2268.3	11147
P17096	61001	1539.1	5333.5	644.1	380.84	675.75	430.08	0	963.04	2059.3	61001	1539.1	5333.5	644.1	380.84	675.75	430.08	0	963.04	2059.3
P17844;Q92841	104620	4453.7	5384.4	2041.3	0	1886.1	1100.3	772.56	867.08	12999	104620	4453.7	5384.4	2041.3	0	1886.1	1100.3	772.56	867.08	12999
P17987	8032.6	0	380.41	590	323.19	0	0	0	265.41	841.83	8032.6	0	380.41	590	323.19	0	0	0	265.41	841.83
P18124	242570	5770.3	13821	5002.3	1623.8	3587.6	2347.8	1975.1	3386.1	7355	242570	5770.3	13821	5002.3	1623.8	3587.6	2347.8	1975.1	3386.1	7355
P18621	94195	1276.3	4843.1	1534	482.2	975.16	739.41	0	636.04	1639.4	94195	1276.3	4843.1	1534	482.2	975.16	739.41	0	636.04	1639.4
P19338;REV__P19338	1087500	58027	63151	26950	14942	18317	14759	12363	26920	42360	1087500	58027	63151	26950	14942	18317	14759	12363	26920	42360
P20292	91599	1715.7	6130.6	4038	1447.5	1084.6	2122.3	617.19	426.36	4896	91599	1715.7	6130.6	4038	1447.5	1084.6	2122.3	617.19	426.36	4896
P21333;O75369;Q14315	1181300	31038	69954	29225	20420	27192	17190	18400	12491	77207	1181300	31038	69954	29225	20420	27192	17190	18400	12491	77207
P22234	22078	1832.1	1578.7	848.22	546.51	782.77	238.6	224.66	306.68	6075.1	22078	1832.1	1578.7	848.22	546.51	782.77	238.6	224.66	306.68	6075.1
P22626	524040	35947	31457	14127	8128.7	12058	7453.7	9339.9	8114.8	36290	524040	35947	31457	14127	8128.7	12058	7453.7	9339.9	8114.8	36290
P23141	108670	1838.4	7227	6201.2	1088.1	2252.8	249.87	575.77	467.4	4581.8	108670	1838.4	7227	6201.2	1088.1	2252.8	249.87	575.77	467.4	4581.8
P23246	256790	10162	14664	6713	4632.5	4158.8	3483.2	2279.8	4601.1	13880	256790	10162	14664	6713	4632.5	4158.8	3483.2	2279.8	4601.1	13880
P23284;REV__Q68DA7	249810	5379.7	16577	8353.2	3875.8	4926.3	5897.1	1627.6	3641.6	5851.2	249810	5379.7	16577	8353.2	3875.8	4926.3	5897.1	1627.6	3641.6	5851.2
P23396	113720	10317	8433.2	3797	1995.3	2812.9	2124.5	1252.6	2453.2	7227.9	113720	10317	8433.2	3797	1995.3	2812.9	2124.5	1252.6	2453.2	7227.9
P23528;Q9Y281	189910	7105	12828	4806.6	1906	2671.7	2210.9	1434.4	2207.5	5921.3	189910	7105	12828	4806.6	1906	2671.7	2210.9	1434.4	2207.5	5921.3
P24534	62982	1906.8	4136.9	2281.2	1043.5	933.76	1141	706.77	5008.2	6893.8	62982	1906.8	4136.9	2281.2	1043.5	933.76	1141	706.77	5008.2	6893.8
P25705;REV__O00522;REV__Q9Y5A7	322900	9603.7	21620	8439.6	3332.7	6950.5	3900.4	3697.2	4753.7	12884	322900	9603.7	21620	8439.6	3332.7	6950.5	3900.4	3697.2	4753.7	12884
P26038;P35241;REV__Q9H446	1160300	28558	67360	22898	14509	20631	14312	8617.8	19285	54904	1160300	28558	67360	22898	14509	20631	14312	8617.8	19285	54904
P26373	240730	5476.3	14572	4936.8	2989.6	5862.6	3400	1450.6	3615.3	6142.6	240730	5476.3	14572	4936.8	2989.6	5862.6	3400	1450.6	3615.3	6142.6
P26447	300420	5058.4	15115	8905.5	3953.6	5212.4	4202	2016.5	2118.4	6402.1	300420	5058.4	15115	8905.5	3953.6	5212.4	4202	2016.5	2118.4	6402.1
P26641	33881	1920.5	2551.9	2431.8	1350	2562.5	696.89	1351.1	903.98	3380	33881	1920.5	2551.9	2431.8	1350	2562.5	696.89	1351.1	903.98	3380
P27348;Q04917	111720	1070.5	6520.7	1567.7	667.92	1330.5	721.33	709.48	1357.4	7856.1	111720	1070.5	6520.7	1567.7	667.92	1330.5	721.33	709.48	1357.4	7856.1
Q96L21;P27635	62013	1214.2	3809.3	1474.2	783.15	1340.9	782.51	647.8	1240.4	989.47	62013	1214.2	3809.3	1474.2	783.15	1340.9	782.51	647.8	1240.4	989.47
P27797	589380	17977	30060	13472	5752.5	6094.2	5690.3	2212.2	6501.7	27318	589380	17977	30060	13472	5752.5	6094.2	5690.3	2212.2	6501.7	27318
P27824	126810	2415.5	7868.4	1875.5	390.18	894.64	697.38	0	1299.5	3916	126810	2415.5	7868.4	1875.5	390.18	894.64	697.38	0	1299.5	3916
P29401	400430	11393	22552	9227.5	4803	8332.8	7866.8	3428	5633.8	30174	400430	11393	22552	9227.5	4803	8332.8	7866.8	3428	5633.8	30174
P30050	212670	5058.5	12770	4266.1	1858.3	3204	2697.9	1267.7	2624.1	4513.3	212670	5058.5	12770	4266.1	1858.3	3204	2697.9	1267.7	2624.1	4513.3
P30086	43170	888.73	2039.6	984.37	683.9	580.43	326.46	450.85	1092.7	3122.8	43170	888.73	2039.6	984.37	683.9	580.43	326.46	450.85	1092.7	3122.8
P30101	759060	13919	44147	14876	4308.6	6946.8	6940	3375.1	5421.7	21790	759060	13919	44147	14876	4308.6	6946.8	6940	3375.1	5421.7	21790
P30273	113890	924.94	5308.4	1589.9	319.37	1341.7	1953.8	0	0	1664.9	113890	924.94	5308.4	1589.9	319.37	1341.7	1953.8	0	0	1664.9
P31146	292770	6265.6	19213	10964	5676.1	6294.7	6503.4	4167.8	5652.8	11547	292770	6265.6	19213	10964	5676.1	6294.7	6503.4	4167.8	5652.8	11547
P31943	37042	850.59	2409.6	1257.5	268.09	694.96	300.18	0	661.48	2458.3	37042	850.59	2409.6	1257.5	268.09	694.96	300.18	0	661.48	2458.3
P31946	124660	1401.7	7177.4	2389	612.67	1157.4	1207.4	499.5	925.43	2823.4	124660	1401.7	7177.4	2389	612.67	1157.4	1207.4	499.5	925.43	2823.4
P31947	131670	3164.1	7958.1	4262.1	1673.7	2395.4	2211.8	739.11	1584.4	2858.6	131670	3164.1	7958.1	4262.1	1673.7	2395.4	2211.8	739.11	1584.4	2858.6
P31949	125740	2637.8	6489.5	3236.3	1098.9	2395.1	1544.9	635.95	1127.4	11161	125740	2637.8	6489.5	3236.3	1098.9	2395.1	1544.9	635.95	1127.4	11161
P32119	19890	1264.9	1144.8	1022.3	309.13	519.97	0	690.45	523.66	58363	19890	1264.9	1144.8	1022.3	309.13	519.97	0	690.45	523.66	58363
P32969;REV__O75648	86260	1340.3	4891.8	2712.4	1339.3	1570.2	1316.9	781.03	1963.5	3968.6	86260	1340.3	4891.8	2712.4	1339.3	1570.2	1316.9	781.03	1963.5	3968.6
P33241	49019	1371.2	3203	2103.3	1684.7	1851.1	1321.6	499.29	1196.9	3830.3	49019	1371.2	3203	2103.3	1684.7	1851.1	1321.6	499.29	1196.9	3830.3
P35268	34266	1154.4	1986.8	1028.6	831.96	850.57	875.36	0	968.69	933.64	34266	1154.4	1986.8	1028.6	831.96	850.57	875.36	0	968.69	933.64
P35527;CON__P35527;CON__Q99456;Q8N6M0;Q99456;P33897;Q03001	209690	54594	21970	9840.2	6254.1	7228.2	2225.1	120570	5352.3	5209600	209690	54594	21970	9840.2	6254.1	7228.2	2225.1	120570	5352.3	5209600
P35579;P35580;REV__P0DO97;REV__Q9UKV3;REV__Q86UP2;P35749;Q7Z406	899770	31688	51592	18437	8751.3	10178	6050.3	4971.2	11127	70438	899770	31688	51592	18437	8751.3	10178	6050.3	4971.2	11127	70438
P35637;Q92804	43627	1068.5	2019.8	1079	804.06	1040.6	581.66	638.52	1046.3	1447.5	43627	1068.5	2019.8	1079	804.06	1040.6	581.66	638.52	1046.3	1447.5
P36578;Q96T58	652910	18548	43236	14248	7958.7	10506	8283.8	4721.9	12739	19790	652910	18548	43236	14248	7958.7	10506	8283.8	4721.9	12739	19790
P37802	191850	10877	16180	5305.2	2079.9	3072.1	2289.3	2461.5	1917.3	8437	191850	10877	16180	5305.2	2079.9	3072.1	2289.3	2461.5	1917.3	8437
P37837	209290	11976	13436	6425.9	5589.6	4698.4	3207.4	8547.6	2297.4	12527	209290	11976	13436	6425.9	5589.6	4698.4	3207.4	8547.6	2297.4	12527
P38159	70382	1160.6	3770.1	1099.5	1071.9	1119.7	878.72	335.26	1615.1	1533.4	70382	1160.6	3770.1	1099.5	1071.9	1119.7	878.72	335.26	1615.1	1533.4
P38646	100310	4642.8	5772.5	3700.6	1076.9	3850.5	1767.1	2619.9	3349.8	7123.6	100310	4642.8	5772.5	3700.6	1076.9	3850.5	1767.1	2619.9	3349.8	7123.6
P39019	154500	2229.2	9302.9	3367.2	1375.6	2100.4	1145.7	1022.4	3826.5	8773.9	154500	2229.2	9302.9	3367.2	1375.6	2100.4	1145.7	1022.4	3826.5	8773.9
P39023	220770	5952.8	14918	6372.7	3923.4	4955.3	4170	1353.2	5229.7	8680.9	220770	5952.8	14918	6372.7	3923.4	4955.3	4170	1353.2	5229.7	8680.9
P40121	637820	13167	39217	15831	8309.4	9249.6	8256.3	3726.8	6974.2	21899	637820	13167	39217	15831	8309.4	9249.6	8256.3	3726.8	6974.2	21899
P40429	129700	3595.3	6501.6	3512.3	1784.2	2611.4	1292.9	1906.6	2174	7054.3	129700	3595.3	6501.6	3512.3	1784.2	2611.4	1292.9	1906.6	2174	7054.3
P40925	137480	2881.8	7561.7	4459.1	2582	2464.6	2590.2	984.21	2770.3	12033	137480	2881.8	7561.7	4459.1	2582	2464.6	2590.2	984.21	2770.3	12033
P40926	253680	7280.4	16221	6248.7	3192.2	3696.3	3733.5	2062.7	3718.3	10493	253680	7280.4	16221	6248.7	3192.2	3696.3	3733.5	2062.7	3718.3	10493
P40939	41254	735.26	2513.4	982.4	889.11	435.38	814.2	0	696.01	1065.2	41254	735.26	2513.4	982.4	889.11	435.38	814.2	0	696.01	1065.2
P41218	5772.3	378.22	403.87	0	0	0	0	271.83	0	2134.5	5772.3	378.22	403.87	0	0	0	0	271.83	0	2134.5
P42766	283680	6802.3	18792	5891	3655.8	3713.9	2534.7	1983.1	4614.6	10215	283680	6802.3	18792	5891	3655.8	3713.9	2534.7	1983.1	4614.6	10215
P46776	50819	639.19	2148.1	938.03	0	950.01	638.55	439.4	839.89	1588.8	50819	639.19	2148.1	938.03	0	950.01	638.55	439.4	839.89	1588.8
P46777	359650	10651	19559	8083.1	4042.5	8071	3995.3	3607.9	6325	11363	359650	10651	19559	8083.1	4042.5	8071	3995.3	3607.9	6325	11363
P46778	172210	8697.7	9854.4	5254.1	1736.7	4399.9	2863	3020.1	2797.3	6734.2	172210	8697.7	9854.4	5254.1	1736.7	4399.9	2863	3020.1	2797.3	6734.2
P46779	197630	5924.1	12474	5018.2	3172.2	3861.8	2356.5	1541	2532.8	6651.5	197630	5924.1	12474	5018.2	3172.2	3861.8	2356.5	1541	2532.8	6651.5
P46781	153010	8993.1	8143.9	5215.4	2397.5	3280.7	2594.4	1591.6	2994.7	6377.8	153010	8993.1	8143.9	5215.4	2397.5	3280.7	2594.4	1591.6	2994.7	6377.8
P46782	90305	1861	5063	2605.4	1018.9	1677.5	354.45	398.84	1769	1760.5	90305	1861	5063	2605.4	1018.9	1677.5	354.45	398.84	1769	1760.5
P47914	93231	6817.8	5480.4	3075.6	1314.6	2365.2	1150.2	1708.3	1327.6	16751	93231	6817.8	5480.4	3075.6	1314.6	2365.2	1150.2	1708.3	1327.6	16751
P48643	141000	3504.7	9955.9	3647.9	1852.7	2519.5	2141.8	935.08	2572.4	9961.8	141000	3504.7	9955.9	3647.9	1852.7	2519.5	2141.8	935.08	2572.4	9961.8
P49368	62267	1852.6	3761.9	1603.9	242.26	984.41	865.05	431.8	963.93	2716.4	62267	1852.6	3761.9	1603.9	242.26	984.41	865.05	431.8	963.93	2716.4
P49411	67883	1810.7	4943	1528	1502.5	1024.9	1292.2	692.31	1636.1	12503	67883	1810.7	4943	1528	1502.5	1024.9	1292.2	692.31	1636.1	12503
P50991	57271	1333.5	2775.2	1617.8	950.42	1869.1	829.67	632.17	916.84	3936	57271	1333.5	2775.2	1617.8	950.42	1869.1	829.67	632.17	916.84	3936
P51572;Q2M1P5;Q5TCS8	361580	7689.2	20145	9608.3	3163.5	4739.2	4329.9	3304.1	2894.3	11151	361580	7689.2	20145	9608.3	3163.5	4739.2	4329.9	3304.1	2894.3	11151
P51991	105470	2802.4	5488.5	716.68	279.81	595.5	241.88	347.85	1181.4	2257.9	105470	2802.4	5488.5	716.68	279.81	595.5	241.88	347.85	1181.4	2257.9
P52209	237730	9498.3	14869	5832.1	3645.4	6824.3	3452.9	4505.4	2647.1	16395	237730	9498.3	14869	5832.1	3645.4	6824.3	3452.9	4505.4	2647.1	16395
P52272	41614	936.86	1804.1	820.26	1359.7	999.25	552.24	352.21	964.56	8558.8	41614	936.86	1804.1	820.26	1359.7	999.25	552.24	352.21	964.56	8558.8
P52566	171350	6814.8	14564	4650.4	2837.9	3325.2	1690.1	1375	3096.9	8637.2	171350	6814.8	14564	4650.4	2837.9	3325.2	1690.1	1375	3096.9	8637.2
P52907	15846	565.46	1036.2	390.11	402.91	0	382.84	328.97	253.91	1682.7	15846	565.46	1036.2	390.11	402.91	0	382.84	328.97	253.91	1682.7
P53999	119340	5253.7	7684.6	2732.9	1632.6	1126.5	1575	285.11	1286.6	5655.2	119340	5253.7	7684.6	2732.9	1632.6	1126.5	1575	285.11	1286.6	5655.2
P54819	62260	2736.2	3280.6	1358.2	375.24	888.57	796.03	1164.6	1212.8	5162.6	62260	2736.2	3280.6	1358.2	375.24	888.57	796.03	1164.6	1212.8	5162.6
P55072	181930	4000.9	13117	4109.8	1678.8	1734.2	2931.2	0	1908.4	8544.1	181930	4000.9	13117	4109.8	1678.8	1734.2	2931.2	0	1908.4	8544.1
P55084	68224	350.02	3401.9	1515.5	745.1	1168.7	668.51	0	864.31	1911.6	68224	350.02	3401.9	1515.5	745.1	1168.7	668.51	0	864.31	1911.6
Q6EEV6;P61956;P55854	26847	1486.9	1415.3	731.02	474.25	312.33	0	0	1879.8	4323.3	26847	1486.9	1415.3	731.02	474.25	312.33	0	0	1879.8	4323.3
Q15365;Q15366;P57721;P57723	42365	1685.1	2436	1116.4	1139.7	934.49	1115.1	281.18	1404.8	2503.5	42365	1685.1	2436	1116.4	1139.7	934.49	1115.1	281.18	1404.8	2503.5
P60174	211900	3552.9	12384	3978.7	2326.6	2158.1	2301.2	1828.1	2582.7	32211	211900	3552.9	12384	3978.7	2326.6	2158.1	2301.2	1828.1	2582.7	32211
P63261;P60709;Q6S8J3;A5A3E0;P0CG38;Q562R1;P0CG39;Q9BYX7	1605400	79295	106000	49327	21302	34631	25922	20370	17393	64394	1605400	79295	106000	49327	21302	34631	25922	20370	17393	64394
P60953	50810	2036.6	2191.2	1303.5	289.82	933.66	1231.3	0	541.02	1263.2	50810	2036.6	2191.2	1303.5	289.82	933.66	1231.3	0	541.02	1263.2
P61026	14804	691.58	966.75	0	430.52	302.16	400.81	0	0	1184.6	14804	691.58	966.75	0	430.52	302.16	400.81	0	0	1184.6
Q9P1U1;P61158	30855	721.91	2305.5	1374	354.23	550.39	639.33	376.25	0	2771.8	30855	721.91	2305.5	1374	354.23	550.39	639.33	376.25	0	2771.8
P61247	288770	7182.2	14791	4867.4	1407.3	2888.7	2206.7	688.27	1584.6	6381.4	288770	7182.2	14791	4867.4	1407.3	2888.7	2206.7	688.27	1584.6	6381.4
Q9UNX3;P61254	41716	2796.9	2064.7	1346	592.08	1201.9	371.65	705.26	314.11	1577.1	41716	2796.9	2064.7	1346	592.08	1201.9	371.65	705.26	314.11	1577.1
P61353	59775	2205.1	2643.5	1298.9	818.08	543.17	293.99	438.04	1045.3	1472	59775	2205.1	2643.5	1298.9	818.08	543.17	293.99	438.04	1045.3	1472
P61604	543840	12405	30572	13522	6393.7	8790.5	7297.7	4137.7	9733.3	13139	543840	12405	30572	13522	6393.7	8790.5	7297.7	4137.7	9733.3	13139
P61978	363210	6847.4	21914	6883.8	3873.2	3450.7	4185.8	714.03	5350.4	7871.7	363210	6847.4	21914	6883.8	3873.2	3450.7	4185.8	714.03	5350.4	7871.7
P61981	91109	2123	5536	688.07	1399.8	11396	305.49	243.97	1850.8	7322.6	91109	2123	5536	688.07	1399.8	11396	305.49	243.97	1850.8	7322.6
P62081	108350	2938.1	5885.4	3240.6	809.1	2190.7	1526.8	764.47	2040.5	3754.4	108350	2938.1	5885.4	3240.6	809.1	2190.7	1526.8	764.47	2040.5	3754.4
P62241	100480	3927.8	5288.9	3127.1	1328.5	1566.9	808.41	252.37	1198.8	2532.8	100480	3927.8	5288.9	3127.1	1328.5	1566.9	808.41	252.37	1198.8	2532.8
P62244	141490	5083.4	9151.3	3641.4	1788.8	1889.4	1844.5	355.64	2157.9	3202.2	141490	5083.4	9151.3	3641.4	1788.8	1889.4	1844.5	355.64	2157.9	3202.2
P62258	94563	3129.7	4846.8	2900	1560.2	1679.9	587.67	1113.4	1222.2	6773.7	94563	3129.7	4846.8	2900	1560.2	1679.9	587.67	1113.4	1222.2	6773.7
P62263	70817	1394.6	3944.8	1060.2	340.33	392.46	611.47	2002.3	833.76	2283.3	70817	1394.6	3944.8	1060.2	340.33	392.46	611.47	2002.3	833.76	2283.3
P62266	149650	4565.7	10145	3194.3	1245.7	2625.8	2064.2	1650.6	2045	6770.8	149650	4565.7	10145	3194.3	1245.7	2625.8	2064.2	1650.6	2045	6770.8
P62269	182910	4046.3	10935	4306.5	2240.7	2835.1	1847.2	722.53	2431	7434.4	182910	4046.3	10935	4306.5	2240.7	2835.1	1847.2	722.53	2431	7434.4
P62277	154070	2423.5	8409.1	2662.6	575.44	1349.6	1102.3	0	2156.5	2871.8	154070	2423.5	8409.1	2662.6	575.44	1349.6	1102.3	0	2156.5	2871.8
P62280	104440	2953.9	6111.1	1674.5	437.77	1857.2	329.27	744.35	922.32	6238.9	104440	2953.9	6111.1	1674.5	437.77	1857.2	329.27	744.35	922.32	6238.9
P62316	71508	1868	3290.6	1147.2	1017.3	607.58	533.38	463.63	836.44	2293	71508	1868	3290.6	1147.2	1017.3	607.58	533.38	463.63	836.44	2293
P62328;CON__P21752;O14604	445200	6753.8	24844	4963.8	2290.6	3229.7	1815.9	0	3073.6	2955	445200	6753.8	24844	4963.8	2290.6	3229.7	1815.9	0	3073.6	2955
P62424	169770	4749.6	10732	3412.4	1331.9	1935.6	1660.9	1674.4	1883.4	8942.3	169770	4749.6	10732	3412.4	1331.9	1935.6	1660.9	1674.4	1883.4	8942.3
P62491;Q15907	31222	357.52	1913.1	887.18	739.8	296.71	386.22	281.95	422.66	1641.5	31222	357.52	1913.1	887.18	739.8	296.71	386.22	281.95	422.66	1641.5
P62701;Q8TD47;P22090	97438	1613.9	4990.3	1985	808.25	1408.7	1170.1	1032.1	2029.1	12439	97438	1613.9	4990.3	1985	808.25	1408.7	1170.1	1032.1	2029.1	12439
P63267;P68133;P68032;P62736	12659	2765.9	704.97	576.07	0	744.6	0	517.42	0	724.8	12659	2765.9	704.97	576.07	0	744.6	0	517.42	0	724.8
P62750	42648	2329.3	3110.8	1048.6	432.61	854.44	345.34	691.39	502.42	1549.8	42648	2329.3	3110.8	1048.6	432.61	854.44	345.34	691.39	502.42	1549.8
P62753	282200	5363.3	17265	5564.2	3281.7	3374.1	2798	923.09	3254.9	9077.5	282200	5363.3	17265	5564.2	3281.7	3374.1	2798	923.09	3254.9	9077.5
P62805	298360	10054	17479	7445.4	3089.8	3446	3395.6	1417.4	5330.2	10852	298360	10054	17479	7445.4	3089.8	3446	3395.6	1417.4	5330.2	10852
P62826	55877	4777.1	3131.9	1972.9	1153.6	1279	1296.5	391.57	1382.4	2715.7	55877	4777.1	3131.9	1972.9	1153.6	1279	1296.5	391.57	1382.4	2715.7
P62829	97291	4264.8	5252.3	2530.6	1119.6	1716.1	1503.6	1692.6	1430.6	4599.4	97291	4264.8	5252.3	2530.6	1119.6	1716.1	1503.6	1692.6	1430.6	4599.4
P62851	77968	4424.2	4156.2	1961.2	1253.1	1354.4	338.04	829.83	1628.1	7100.8	77968	4424.2	4156.2	1961.2	1253.1	1354.4	338.04	829.83	1628.1	7100.8
Q5JNZ5;P62854	40672	1678.6	1962.6	2179.8	866.21	1513.7	960.56	255.5	1170.7	2316	40672	1678.6	1962.6	2179.8	866.21	1513.7	960.56	255.5	1170.7	2316
P62899	87350	2144.5	4313.4	2368.5	1037.1	1769.9	958.35	553.86	1820.2	3883.1	87350	2144.5	4313.4	2368.5	1037.1	1769.9	958.35	553.86	1820.2	3883.1
P62906	108350	2204.8	6672.8	2468.6	1174.7	1606	1260.9	647.01	1443.6	3983.7	108350	2204.8	6672.8	2468.6	1174.7	1606	1260.9	647.01	1443.6	3983.7
P62913	98860	2633.4	7365.1	2490.3	1222.9	2487.9	1330.6	0	2530.5	2766	98860	2633.4	7365.1	2490.3	1222.9	2487.9	1330.6	0	2530.5	2766
P62917;Q9NW13	373760	8567.8	23635	8399.1	4689.6	5248	4344.9	4360.4	6385.2	34115	373760	8567.8	23635	8399.1	4689.6	5248	4344.9	4360.4	6385.2	34115
P62942	39092	910.48	2602.6	1418.5	519.38	1175.2	239.02	1147.4	404.96	3053	39092	910.48	2602.6	1418.5	519.38	1175.2	239.02	1147.4	404.96	3053
P63104;O00213;Q92674	478380	14532	29662	11632	6401.7	9130.5	7100.5	4430.9	5243.2	23965	478380	14532	29662	11632	6401.7	9130.5	7100.5	4430.9	5243.2	23965
P63313	32724	1965.3	2000.7	384.38	644.99	636.69	323.99	469.14	0	7864.4	32724	1965.3	2000.7	384.38	644.99	636.69	323.99	469.14	0	7864.4
P67809;P16989;Q9Y2T7	115670	7001.3	7877.9	3911.5	780.19	2816.8	650.43	1200.4	2344.7	6151.8	115670	7001.3	7877.9	3911.5	780.19	2816.8	650.43	1200.4	2344.7	6151.8
P67936;Q2TAC2	664750	14974	48564	20467	6369.9	11237	7326.7	3710.1	3065.9	56474	664750	14974	48564	20467	6369.9	11237	7326.7	3710.1	3065.9	56474
P68104;Q5VTE0;Q05639	1269200	34727	78847	37489	14498	20698	20342	5547.7	21377	43043	1269200	34727	78847	37489	14498	20698	20342	5547.7	21377	43043
Q9BQE3;Q71U36;P68363;P0DPH8;P0DPH7;P68366;Q9NY65;Q6PEY2;A6NHL2	415150	11954	20851	8615.2	4215.8	6051.7	3924.9	1616.4	4789.5	9651.1	415150	11954	20851	8615.2	4215.8	6051.7	3924.9	1616.4	4789.5	9651.1
P68371	36743	1831	2495.5	1181.3	476.07	621.21	339.68	564.72	0	2717.5	36743	1831	2495.5	1181.3	476.07	621.21	339.68	564.72	0	2717.5
Q71DI3;Q16695;P68431;P84243;Q6NXT2	1390800	28547	84982	29743	13320	17173	16843	5714.2	27168	40537	1390800	28547	84982	29743	13320	17173	16843	5714.2	27168	40537
P78371	108250	1610.7	6626.6	1854.6	893.5	683.56	535.59	589.6	1003.8	4771.6	108250	1610.7	6626.6	1854.6	893.5	683.56	535.59	589.6	1003.8	4771.6
P84098	119010	4554.1	6138	3120.6	498.5	3159.6	1715.8	1038.3	2008.6	3670	119010	4554.1	6138	3120.6	498.5	3159.6	1715.8	1038.3	2008.6	3670
P84103	97925	5706.6	5236	4061.7	1770.7	3909.2	909.61	2672.5	1595.8	7593.1	97925	5706.6	5236	4061.7	1770.7	3909.2	909.61	2672.5	1595.8	7593.1
Q00839	495390	19265	29728	10577	5831.8	7644.4	4827.8	3489.8	6967.8	23864	495390	19265	29728	10577	5831.8	7644.4	4827.8	3489.8	6967.8	23864
Q01130;Q9BRL6	122730	4343.6	12409	3585.6	1885.5	2180.9	1945.5	363.02	2763.9	6862.8	122730	4343.6	12409	3585.6	1885.5	2180.9	1945.5	363.02	2763.9	6862.8
Q01469;A8MUU1	153770	6129.4	7301.4	12917	5438.8	9775	2611.2	5126.8	2308.3	159150	153770	6129.4	7301.4	12917	5438.8	9775	2611.2	5126.8	2308.3	159150
Q01518	274060	3776.1	14960	5839.9	2687.3	5147.2	3274.7	1778.5	2026.2	15444	274060	3776.1	14960	5839.9	2687.3	5147.2	3274.7	1778.5	2026.2	15444
Q02413	26939	4786.9	2428.4	976.4	661.96	1491.1	0	9017.1	880.24	341160	26939	4786.9	2428.4	976.4	661.96	1491.1	0	9017.1	880.24	341160
Q02543	51146	1705.6	3052.1	1174.6	521.62	1048	845.23	0	689.21	3161.8	51146	1705.6	3052.1	1174.6	521.62	1048	845.23	0	689.21	3161.8
Q02878	419810	12543	25816	9196.1	3657	5707.6	4568.7	2400.9	8092	17392	419810	12543	25816	9196.1	3657	5707.6	4568.7	2400.9	8092	17392
Q04760	244400	13087	13870	8458	3298.7	5738.5	2287.5	4295	2460.2	14387	244400	13087	13870	8458	3298.7	5738.5	2287.5	4295	2460.2	14387
Q04941	15425	0	767.05	0	0	0	0	0	0	666.91	15425	0	767.05	0	0	0	0	0	0	666.91
Q06830;Q13162	326070	9091.1	17936	12790	8063.9	7192.7	6916	6256.4	5861	109920	326070	9091.1	17936	12790	8063.9	7192.7	6916	6256.4	5861	109920
Q07020	3091.5	227.76	283.47	210.97	341.62	0	0	0	0	2174.1	3091.5	227.76	283.47	210.97	341.62	0	0	0	0	2174.1
Q07955	116320	3654.5	7878	2304.7	1522.2	1752.3	1468.3	1751.8	2071.2	10497	116320	3654.5	7878	2304.7	1522.2	1752.3	1468.3	1751.8	2071.2	10497
Q13243;Q13247;Q08170	23568	1251.7	986.39	606.85	563.52	818.55	0	268.34	547.78	1848.5	23568	1251.7	986.39	606.85	563.52	818.55	0	268.34	547.78	1848.5
Q08554	6982.4	2345.6	536.66	273.43	0	256.65	0	1039.9	0	56459	6982.4	2345.6	536.66	273.43	0	256.65	0	1039.9	0	56459
Q09666	185710	2313.9	8829.4	2682.7	880.77	1879.8	1662.1	562.73	279.24	13190	185710	2313.9	8829.4	2682.7	880.77	1879.8	1662.1	562.73	279.24	13190
Q13151	138100	10486	6752.2	2856.2	3572.8	1942	980.66	1089.9	1105.7	3349.9	138100	10486	6752.2	2856.2	3572.8	1942	980.66	1089.9	1105.7	3349.9
Q13835	10274	1635.7	584.77	1650.8	709.86	559.58	490.21	3505.4	1490.4	111050	10274	1635.7	584.77	1650.8	709.86	559.58	490.21	3505.4	1490.4	111050
Q14103	98333	3354	5655.6	1929	690.92	1191.9	731.43	550.99	1835.1	3233.5	98333	3354	5655.6	1929	690.92	1191.9	731.43	550.99	1835.1	3233.5
Q14847	72201	2042.3	4342.6	1579.3	402.25	1921.4	1304.5	664.75	275.51	5734.2	72201	2042.3	4342.6	1579.3	402.25	1921.4	1304.5	664.75	275.51	5734.2
Q15084	333920	9587.2	22350	7331.3	2599.7	3267.7	3415.7	1827.9	3810	11543	333920	9587.2	22350	7331.3	2599.7	3267.7	3415.7	1827.9	3810	11543
Q9Y2S6;Q9Y2C4;Q15172	65567	3131.1	3959	1609.3	469	1160	1043.4	815.88	987.41	1222.7	65567	3131.1	3959	1609.3	469	1160	1043.4	815.88	987.41	1222.7
Q15233	92259	3228.6	12242	1614	1239.8	4971.3	0	301.21	942.42	4280.1	92259	3228.6	12242	1614	1239.8	4971.3	0	301.21	942.42	4280.1
Q15691	41940	638.82	2321.3	0	0	445.07	0	0	0	1452.8	41940	638.82	2321.3	0	0	445.07	0	0	0	1452.8
Q5T749	8816.2	1187.5	1284.2	725.03	308.13	790.11	357.3	3090.9	359.4	174000	8816.2	1187.5	1284.2	725.03	308.13	790.11	357.3	3090.9	359.4	174000
Q86V81	20394	692.08	1323.1	954.8	328.2	604.81	247.44	365.31	403.37	2771.8	20394	692.08	1323.1	954.8	328.2	604.81	247.44	365.31	403.37	2771.8
Q8N257;Q96A08	123040	18991	8812.3	6528.2	1934.3	4588.9	1797.8	3869.5	3815.8	7201.4	123040	18991	8812.3	6528.2	1934.3	4588.9	1797.8	3869.5	3815.8	7201.4
Q8NC51	203700	13429	11496	4950.5	2096.3	2900.7	1799.8	1303	3886.7	9829.7	203700	13429	11496	4950.5	2096.3	2900.7	1799.8	1303	3886.7	9829.7
Q8TCT9	62248	0	4004.7	1792.3	0	1314.7	1581.3	394.72	753.29	1624.3	62248	0	4004.7	1792.3	0	1314.7	1581.3	394.72	753.29	1624.3
Q92945;Q96AE4;Q96I24	140930	15457	6874.7	3130.7	2341.2	2418.1	1705.4	2444.2	2448	6762.7	140930	15457	6874.7	3130.7	2341.2	2418.1	1705.4	2444.2	2448	6762.7
Q92994	93000	1741.7	4958.2	2470.2	555.61	1055.1	1530.8	505.31	2075.2	3605.5	93000	1741.7	4958.2	2470.2	555.61	1055.1	1530.8	505.31	2075.2	3605.5
Q93045	86712	3126.4	4830.8	1467.3	827	601.88	742.15	259.4	2339.8	2491.9	86712	3126.4	4830.8	1467.3	827	601.88	742.15	259.4	2339.8	2491.9
Q99497	120960	4931.3	6563.6	5385.9	2635.5	2894.8	2159.4	2002.5	2983.8	12937	120960	4931.3	6563.6	5385.9	2635.5	2894.8	2159.4	2002.5	2983.8	12937
Q99832	43604	1368.1	1842.7	1037.8	652.6	850.86	683.66	426.58	617.5	2518.2	43604	1368.1	1842.7	1037.8	652.6	850.86	683.66	426.58	617.5	2518.2
Q99880	469580	25689	28519	11689	4374.9	6332.7	4023.7	6001	8573.8	22122	469580	25689	28519	11689	4374.9	6332.7	4023.7	6001	8573.8	22122
Q9BZH6	63983	3368.8	3622.5	340.42	0	264.92	0	469.59	0	15507	63983	3368.8	3622.5	340.42	0	264.92	0	469.59	0	15507
Q9H254	52457	1455.9	3037.1	1216.5	689.02	654.25	862.07	446.88	1082.6	4356	52457	1455.9	3037.1	1216.5	689.02	654.25	862.07	446.88	1082.6	4356
Q9H299	149110	1255.7	7085.6	2656.7	2727.2	3087.9	1308.8	742.93	1224.4	2291.4	149110	1255.7	7085.6	2656.7	2727.2	3087.9	1308.8	742.93	1224.4	2291.4
Q9HB71	46977	804.14	2445.5	824.77	777.59	892.71	384.34	356.21	387.94	1483.7	46977	804.14	2445.5	824.77	777.59	892.71	384.34	356.21	387.94	1483.7
Q9NQC3	28163	1017.1	1133.1	553.47	0	651.65	0	0	0	2266.8	28163	1017.1	1133.1	553.47	0	651.65	0	0	0	2266.8
Q9NZT1	21889	3132	681.38	439.91	328.3	799.48	566.44	4486	1273.4	165260	21889	3132	681.38	439.91	328.3	799.48	566.44	4486	1273.4	165260
Q9P0L0	111660	1610.1	6062.7	3186.9	1516.3	1654.7	1957	1477.2	2308.9	8150	111660	1610.1	6062.7	3186.9	1516.3	1654.7	1957	1477.2	2308.9	8150
Q9UII2	144480	3266.6	8789.5	1940.5	1280.5	1420.7	1380	900.74	1718.4	6077.9	144480	3266.6	8789.5	1940.5	1280.5	1420.7	1380	900.74	1718.4	6077.9
Q9Y6N5	32075	1008.4	2112.8	1398.3	393.91	252.39	583.39	509.03	415.28	6198.3	32075	1008.4	2112.8	1398.3	393.91	252.39	583.39	509.03	415.28	6198.3
REV__O15440	13171	10260	942.49	7134.2	8287.2	6551.7	8184.6	8243	7179.4	15825	13171	10260	942.49	7134.2	8287.2	6551.7	8184.6	8243	7179.4	15825
REV__P21439	7055	761.46	1152.9	616.57	286.04	429.95	0	2125.4	650.59	101530	7055	761.46	1152.9	616.57	286.04	429.95	0	2125.4	650.59	101530
