Protein IDs	Reporter intensity corrected 1	Reporter intensity corrected 2	Reporter intensity corrected 3	Reporter intensity corrected 4	Reporter intensity corrected 5	Reporter intensity corrected 6	Reporter intensity corrected 7	Reporter intensity corrected 8	Reporter intensity corrected 9	Reporter intensity corrected 10	Reporter intensity 1	Reporter intensity 2	Reporter intensity 3	Reporter intensity 4	Reporter intensity 5	Reporter intensity 6	Reporter intensity 7	Reporter intensity 8	Reporter intensity 9	Reporter intensity 10
Q15323;CON__A2A5Y0;CON__Q15323;CON__Q9UE12;CON__REFSEQ:XP_986630;Q14525;CON__Q14525;Q14532;O76014;CON__Q497I4;CON__O76014;CON__Q9D646;O76009;CON__O76009;O76011;CON__Q6NTB9;CON__O76011;CON__Q8IUT8	1361.3	310.61	813.79	239.53	640.87	427.64	1308.3	76.51	283.87	1320.7	1361.3	310.61	813.79	239.53	640.87	427.64	1308.3	76.51	283.87	1320.7
CON__Q9TTE1;CON__A2I7N1;CON__A2I7N0	55.396	85.368	87.707	133.41	105.93	78.516	153.55	39.627	107.77	1055.3	55.396	85.368	87.707	133.41	105.93	78.516	153.55	39.627	107.77	1055.3
CON__REFSEQ:XP_001252647;CON__A2I7N3	141.67	87.416	103.08	123.1	115.1	243.6	266.83	65.654	174.4	1153	141.67	87.416	103.08	123.1	115.1	243.6	266.83	65.654	174.4	1153
CON__Q3MHN5;CON__ENSEMBL:ENSBTAP00000018229	59.697	71.363	81.596	278.42	98.478	138.71	302.19	158.95	89.573	4986.7	59.697	71.363	81.596	278.42	98.478	138.71	302.19	158.95	89.573	4986.7
CON__ENSEMBL:ENSBTAP00000024146;P01023	972.57	1276.5	1283.5	2073	1605	2054.8	4705.5	1211.4	1854.2	28589	972.57	1276.5	1283.5	2073	1605	2054.8	4705.5	1211.4	1854.2	28589
CON__ENSEMBL:ENSBTAP00000038329	95.025	141.15	91.711	239.01	118.37	196.02	402.77	125.7	102.24	3270.5	95.025	141.15	91.711	239.01	118.37	196.02	402.77	125.7	102.24	3270.5
CON__P00761;CON__P07477;P07477;Q9BYE2	77867	97929	129490	138120	87111	126990	97424	18892	229800	391780	77867	97929	129490	138120	87111	126990	97424	18892	229800	391780
CON__P02533;P02533;CON__Q6IFX2;CON__P19012;CON__A2A4G1;P19012;CON__P19001;CON__Q61782;CON__Q8N1A0;CON__P35900;CON__Q9D312;Q8N1A0;P35900	9103.1	10470	51009	23790	15031	125630	72548	7525.4	24418	61295	9103.1	10470	51009	23790	15031	125630	72548	7525.4	24418	61295
P02538;CON__P02538;CON__Q8VED5;P05787;CON__P05787;Q9NSB2;CON__Q9H552;CON__Q9NSB2;CON__Q6ISB0;CON__P08729;CON__Q3KNV1;CON__Q9DCV7;CON__H-INV:HIT000292931;P08729;CON__P19013;P19013;P14136;P08670;CON__REFSEQ:XP_932229	10914	10802	75422	26950	17975	153560	85212	9248	23617	68086	10914	10802	75422	26950	17975	153560	85212	9248	23617	68086
CON__P02768-1;P02768	192.2	130.92	262.34	239.99	890.17	342.48	514.63	63.628	390.93	939.88	192.2	130.92	262.34	239.99	890.17	342.48	514.63	63.628	390.93	939.88
CON__P02769	4856.1	6079.5	8652.8	99437	11853	16824	68355	8988.3	14424	225600	4856.1	6079.5	8652.8	99437	11853	16824	68355	8988.3	14424	225600
CON__P04259	251.07	255.64	875.91	342.4	320.88	1297.4	1105.3	65.762	411.54	1774.9	251.07	255.64	875.91	342.4	320.88	1297.4	1105.3	65.762	411.54	1774.9
CON__P06868	53.458	53.561	54.125	103.32	82.798	75.404	208.57	27.002	48.29	1077.7	53.458	53.561	54.125	103.32	82.798	75.404	208.57	27.002	48.29	1077.7
CON__P07744	730.01	3137.3	1307	2279.9	1061.5	11743	2436.6	766.11	1670.5	5122.1	730.01	3137.3	1307	2279.9	1061.5	11743	2436.6	766.11	1670.5	5122.1
CON__P08779;P08779;CON__Q9Z2K1;CON__Q3ZAW8	3090.7	2104.6	20692	8155.5	4333.5	55969	14238	3337.5	7081.9	20974	3090.7	2104.6	20692	8155.5	4333.5	55969	14238	3337.5	7081.9	20974
CON__P12763	757.67	800.86	1042.6	1145.8	1203.7	1378	3621.8	1681	1437.2	39052	757.67	800.86	1042.6	1145.8	1203.7	1378	3621.8	1681	1437.2	39052
P13645;CON__P13645;CON__P02535-1;Q7Z3Y7;CON__Q7Z3Y7;CON__Q148H6;CON__Q2M2I5;CON__Q99456;CON__Q7Z3Y8;CON__P05784;Q7Z3Y8;Q99456;Q2M2I5;O76013;Q7Z3Y9;CON__A2AB72;CON__O76015;CON__O76013;O76015;CON__Q92764;CON__Q7Z3Y9;Q92764;P05783;CON__Q14532	24827	18995	61582	54116	65415	86948	724910	10536	106770	142240	24827	18995	61582	54116	65415	86948	724910	10536	106770	142240
CON__P13647;P13647	4454.5	4303.8	19953	11302	9069.5	53643	82499	3491	15028	38610	4454.5	4303.8	19953	11302	9069.5	53643	82499	3491	15028	38610
CON__P15497	364.78	433.93	451.85	801.52	534.58	912.79	1622.4	322.96	736.26	12766	364.78	433.93	451.85	801.52	534.58	912.79	1622.4	322.96	736.26	12766
CON__P20930;P20930	1436.7	3247.6	2881.7	1899.6	2952.5	1986	7314.8	270.66	1594.7	4149.7	1436.7	3247.6	2881.7	1899.6	2952.5	1986	7314.8	270.66	1594.7	4149.7
CON__P34955	1729	1730.7	2269.8	3159	2574.2	3912.7	6205.2	4895.3	3469.7	121700	1729	1730.7	2269.8	3159	2574.2	3912.7	6205.2	4895.3	3469.7	121700
CON__P35908;CON__Q9R0H5;CON__Q6NXH9	106.16	0	33.873	134.73	109.96	106.68	773.36	0	113.63	277.99	106.16	0	33.873	134.73	109.96	106.68	773.36	0	113.63	277.99
CON__P35908v2;P35908	20236	16781	42561	38781	38928	95980	521980	9733.8	81252	103830	20236	16781	42561	38781	38928	95980	521980	9733.8	81252	103830
CON__P48668;P48668	311.29	316.49	1942.1	538.45	467.94	4024.5	1793	209.52	1052.2	2594.5	311.29	316.49	1942.1	538.45	467.94	4024.5	1793	209.52	1052.2	2594.5
CON__Q6NT21;CON__P78385;CON__P78386;P78385;P78386;CON__O43790;CON__Q14533;O43790;CON__Q61726;A6NCN2;Q14533	3157.8	711.91	782.9	604.01	1128.5	607.62	2921.2	198.3	654.87	3401.6	3157.8	711.91	782.9	604.01	1128.5	607.62	2921.2	198.3	654.87	3401.6
CON__P81644	62.443	42.056	100.24	123.48	97.788	156.26	229.85	131.93	108.7	1936.5	62.443	42.056	100.24	123.48	97.788	156.26	229.85	131.93	108.7	1936.5
CON__Q04695;Q04695	1263.4	1099.9	5605.4	3460	1617.8	16659	4887.7	626.16	2217.9	6182.5	1263.4	1099.9	5605.4	3460	1617.8	16659	4887.7	626.16	2217.9	6182.5
CON__Q0IIK2;CON__Q29443;CON__Q2HJF0;P02787;P02788	2390.3	2181.5	2777.7	4247.6	2918.4	6710.4	8321.6	4203.9	3876.8	114000	2390.3	2181.5	2777.7	4247.6	2918.4	6710.4	8321.6	4203.9	3876.8	114000
CON__Q0VBK2;CON__Q6KB66-1;Q6KB66	0	0	0	0	0	0	0	0	0	0	0	0	0	0	0	0	0	0	0	0
CON__Q14CN4-1;CON__Q6IME9;Q14CN4;CON__Q3SY84;CON__Q7RTS7;CON__Q32MB2;Q3SY84;Q7RTS7;Q86Y46	202.61	281.3	335.91	440.87	312.96	655.76	1351.2	63.98	784.46	3064.2	202.61	281.3	335.91	440.87	312.96	655.76	1351.2	63.98	784.46	3064.2
CON__Q2KJF1	255.12	62.338	336.61	553.08	210.25	606.71	1027.2	142.66	418.76	4970.6	255.12	62.338	336.61	553.08	210.25	606.71	1027.2	142.66	418.76	4970.6
CON__Q3SZ57;P02771	586	581.91	649.54	1059.5	790.99	1647.8	2062.7	1150.5	1134.7	35132	586	581.91	649.54	1059.5	790.99	1647.8	2062.7	1150.5	1134.7	35132
CON__Q3SZR3	177.12	256.92	234.94	448.07	299.6	583.85	1450.6	330.34	422.97	12352	177.12	256.92	234.94	448.07	299.6	583.85	1450.6	330.34	422.97	12352
CON__Q3T052;Q14624	108.92	113.49	137.69	178.47	198.27	252.88	313.7	126.03	196.53	3019	108.92	113.49	137.69	178.47	198.27	252.88	313.7	126.03	196.53	3019
CON__Q3TTY5	543.7	590.26	587.56	447.28	654.87	360.64	1546.4	49.391	322.76	768.06	543.7	590.26	587.56	447.28	654.87	360.64	1546.4	49.391	322.76	768.06
CON__Q58D62	287.13	380.08	413.71	820.15	452.6	873.66	1771.8	310.11	707.56	11551	287.13	380.08	413.71	820.15	452.6	873.66	1771.8	310.11	707.56	11551
CON__Q7RTT2;CON__Q8N1N4-2;Q8N1N4	644.18	548.63	1503.4	1159.3	1352.5	1702.1	10038	245.14	1423.9	6895.1	644.18	548.63	1503.4	1159.3	1352.5	1702.1	10038	245.14	1423.9	6895.1
CON__Q7Z3Z0;Q7Z3Z0	543.74	441.33	444.04	658.72	586.84	671	1864.5	56.334	799.74	1459	543.74	441.33	444.04	658.72	586.84	671	1864.5	56.334	799.74	1459
CON__Q7Z794;Q7Z794	897.13	934.24	1435.2	1657.4	2398.6	4668.2	31468	303.52	3183.1	6575.5	897.13	934.24	1435.2	1657.4	2398.6	4668.2	31468	303.52	3183.1	6575.5
CON__Q9NSB4;Q9NSB4	530.96	55.875	158.69	150.53	341.32	292.66	923.41	0	102.95	932.32	530.96	55.875	158.69	150.53	341.32	292.66	923.41	0	102.95	932.32
CON__Q9TRI1	71.9	123.9	132.2	100.35	73.079	324.95	385.25	67.092	132.16	2265.8	71.9	123.9	132.2	100.35	73.079	324.95	385.25	67.092	132.16	2265.8
Q13765;E9PAV3	0	0	81.945	75.074	54.294	163.68	149.45	52.345	73.733	755.99	0	0	81.945	75.074	54.294	163.68	149.45	52.345	73.733	755.99
O00148;Q13838	167.64	133.32	250.02	441.3	202.1	271.84	467.37	260.55	301.74	7096.4	167.64	133.32	250.02	441.3	202.1	271.84	467.37	260.55	301.74	7096.4
O00299	93.224	126.85	149.9	136.9	174.36	167.08	321.33	118	85.657	3975.6	93.224	126.85	149.9	136.9	174.36	167.08	321.33	118	85.657	3975.6
O15020	459.18	663.09	5580.8	1788.3	1690.2	1415.8	22863	360.89	2541.9	6510.2	459.18	663.09	5580.8	1788.3	1690.2	1415.8	22863	360.89	2541.9	6510.2
O15212	0	0	0	0	0	0	0	0	0	0	0	0	0	0	0	0	0	0	0	0
O43390	192.93	138.28	221.75	253.29	163.4	273.97	583.27	108.05	223.4	3862.4	192.93	138.28	221.75	253.29	163.4	273.97	583.27	108.05	223.4	3862.4
O43707	142.11	242.4	240.54	779.5	241.33	599.5	768.6	206.83	296.97	5117.1	142.11	242.4	240.54	779.5	241.33	599.5	768.6	206.83	296.97	5117.1
O60361;P22392;P15531	211.05	56.818	203.56	335.06	246.9	314.04	580.94	108.41	215.56	5150.6	211.05	56.818	203.56	335.06	246.9	314.04	580.94	108.41	215.56	5150.6
O60506	257.44	335.41	508.71	680	444.25	1043.5	1620.3	311.73	627.73	6945.1	257.44	335.41	508.71	680	444.25	1043.5	1620.3	311.73	627.73	6945.1
Q99879;Q99877;Q93079;Q5QNW6;P62807;P58876;P57053;O60814;Q99880;Q96A08	1191.4	3414.6	1607.2	2335.3	2316.8	2328.1	4559.3	3411.3	2257.1	103100	1191.4	3414.6	1607.2	2335.3	2316.8	2328.1	4559.3	3411.3	2257.1	103100
O75223	133.9	160.24	286.27	1038.8	235.64	517.3	541.07	104.77	357.08	3257.7	133.9	160.24	286.27	1038.8	235.64	517.3	541.07	104.77	357.08	3257.7
O75390	50.287	141.8	87.853	254.72	123.39	124.86	223.77	0	76.898	636.92	50.287	141.8	87.853	254.72	123.39	124.86	223.77	0	76.898	636.92
O75821	35.101	0	46.836	47.672	28.316	63.701	84.547	0	41.436	722.16	35.101	0	46.836	47.672	28.316	63.701	84.547	0	41.436	722.16
O95478	0	0	0	0	0	0	0	0	0	0	0	0	0	0	0	0	0	0	0	0
P00338	186.96	178.44	173.57	306.72	177.13	231.93	522.82	114.19	230.49	3673.5	186.96	178.44	173.57	306.72	177.13	231.93	522.82	114.19	230.49	3673.5
P00441	389	437.55	522.46	942.66	655.86	605.39	1203.7	750.72	550.54	20479	389	437.55	522.46	942.66	655.86	605.39	1203.7	750.72	550.54	20479
P00558;P07205	1401.8	1792.1	1634.4	2473.9	1976.4	2957.6	4425.3	1668.8	2340.7	43470	1401.8	1792.1	1634.4	2473.9	1976.4	2957.6	4425.3	1668.8	2340.7	43470
P01040	1186.6	1192.1	2203.9	12278	2596.4	3167.5	3477.6	530.68	1711.2	10877	1186.6	1192.1	2203.9	12278	2596.4	3167.5	3477.6	530.68	1711.2	10877
P04040	240.38	284.36	361	704.2	507.85	619.14	1476.5	384.17	399.61	8026.7	240.38	284.36	361	704.2	507.85	619.14	1476.5	384.17	399.61	8026.7
P04075;P09972;P05062	923.48	1230.6	1484.4	1633	1564	1858.6	5648.1	1081.7	1556.2	29583	923.48	1230.6	1484.4	1633	1564	1858.6	5648.1	1081.7	1556.2	29583
P04259	240.28	230.56	2383.7	623.84	462.79	5339.9	1442.7	250.19	628.83	2582.8	240.28	230.56	2383.7	623.84	462.79	5339.9	1442.7	250.19	628.83	2582.8
P04264;CON__P04264;CON__H-INV:HIT000016045	49515	40083	222670	92243	102850	108830	1088600	19998	180810	326820	49515	40083	222670	92243	102850	108830	1088600	19998	180810	326820
P04406	1881.5	2217.3	3512.5	4672.6	2668.7	4703	7606.5	2811.9	3128.6	71306	1881.5	2217.3	3512.5	4672.6	2668.7	4703	7606.5	2811.9	3128.6	71306
P04792	837.68	1106.9	1510.9	2060.3	1260.7	2812.8	3335.7	1122.7	1684.9	32771	837.68	1106.9	1510.9	2060.3	1260.7	2812.8	3335.7	1122.7	1684.9	32771
P05089	471.92	390.61	678.4	1169.2	377.65	861.8	1668	84.209	647.56	2206.8	471.92	390.61	678.4	1169.2	377.65	861.8	1668	84.209	647.56	2206.8
P05109	96.11	144.51	145.23	151.01	202.62	352.44	315.42	20.834	231.55	321.95	96.11	144.51	145.23	151.01	202.62	352.44	315.42	20.834	231.55	321.95
P05120	57.833	37.823	69.854	120.91	82.061	192.73	193.81	66.158	98.953	1905.5	57.833	37.823	69.854	120.91	82.061	192.73	193.81	66.158	98.953	1905.5
P05204;Q15651	262.58	661.35	388.43	576.14	648.61	559.66	945.04	583.03	467.04	15570	262.58	661.35	388.43	576.14	648.61	559.66	945.04	583.03	467.04	15570
P05387	398.78	296.59	619.05	981.31	607.79	1043.8	1612.4	536.53	952.01	13309	398.78	296.59	619.05	981.31	607.79	1043.8	1612.4	536.53	952.01	13309
Q8NHW5;P05388	100.43	174.93	169.19	203.69	156.14	172.8	926.18	106.08	186.62	2386.1	100.43	174.93	169.19	203.69	156.14	172.8	926.18	106.08	186.62	2386.1
P05455	58.989	102.32	89.65	102.66	92.228	144.09	278.47	127.36	107.97	3031.4	58.989	102.32	89.65	102.66	92.228	144.09	278.47	127.36	107.97	3031.4
P05496;Q06055;P48201	142.66	237.01	156.53	267.34	208.65	321.81	480.9	112.54	163.31	2355.5	142.66	237.01	156.53	267.34	208.65	321.81	480.9	112.54	163.31	2355.5
P06454	204.1	215.61	255.01	245.81	270.99	339.9	548.45	153.1	271.16	5312.6	204.1	215.61	255.01	245.81	270.99	339.9	548.45	153.1	271.16	5312.6
P06702	649.24	940.29	2292.6	1889.1	2118.4	2075.2	5457.3	264.01	1792.5	4025.8	649.24	940.29	2292.6	1889.1	2118.4	2075.2	5457.3	264.01	1792.5	4025.8
P06733;P13929;P09104	4014.7	6714.1	6710.3	9285.8	5985.1	10313	15934	5763.4	6812	134430	4014.7	6714.1	6710.3	9285.8	5985.1	10313	15934	5763.4	6812	134430
P06744;CON__Q3ZBD7	258.65	263.8	471.54	674.74	403.19	773.93	2242.2	230.95	678.44	8290.3	258.65	263.8	471.54	674.74	403.19	773.93	2242.2	230.95	678.44	8290.3
P06748	445.89	551.25	685.24	765.38	763.75	749.15	1884.5	1207.5	971.9	26967	445.89	551.25	685.24	765.38	763.75	749.15	1884.5	1207.5	971.9	26967
P06753;CON__Q3SX28;P67936;P09493;P07951	434.22	384.65	663.88	941.86	553.94	1117.6	1471.5	656.24	703.12	14136	434.22	384.65	663.88	941.86	553.94	1117.6	1471.5	656.24	703.12	14136
Q16778;P33778;P23527;P06899;Q8N257;Q6DRA6;Q6DN03	85.675	69.233	176.01	182.82	132.73	241.21	526.51	135.14	186.53	4998.7	85.675	69.233	176.01	182.82	132.73	241.21	526.51	135.14	186.53	4998.7
P07195	213.59	314.47	366.83	444.8	340.14	502.27	901.99	829.6	520.23	22023	213.59	314.47	366.83	444.8	340.14	502.27	901.99	829.6	520.23	22023
P07237	1537.9	1405.5	1774.1	2812.3	1946	3192.6	4310.8	2143	2357.7	59117	1537.9	1405.5	1774.1	2812.3	1946	3192.6	4310.8	2143	2357.7	59117
P07339	84.499	70.817	143.11	307.31	117.41	228.38	312.17	65.187	191.59	2527.7	84.499	70.817	143.11	307.31	117.41	228.38	312.17	65.187	191.59	2527.7
P07437;Q9BVA1;Q13885;Q13509;CON__ENSEMBL:ENSBTAP00000025008;A6NNZ2;Q9BUF5;Q9H4B7	38.541	84.84	25.627	205.84	58.003	195.09	346.47	65.082	226.64	3270.5	38.541	84.84	25.627	205.84	58.003	195.09	346.47	65.082	226.64	3270.5
P07737;CON__P02584	481.08	660.87	781.76	1326.1	907.9	1901.3	2304.7	497.76	1028.3	17525	481.08	660.87	781.76	1326.1	907.9	1901.3	2304.7	497.76	1028.3	17525
P07900;Q14568;Q58FF6;Q58FG0;Q58FG1	457.98	872.55	580.24	764.96	695.01	658.46	1468	411.68	512.62	9341.8	457.98	872.55	580.24	764.96	695.01	658.46	1468	411.68	512.62	9341.8
P07910;P0DMR1;O60812;B7ZW38;B2RXH8	829.01	886.18	1033.8	1161.1	1128.7	1364.5	2281.6	1031.1	1035.8	27519	829.01	886.18	1033.8	1161.1	1128.7	1364.5	2281.6	1031.1	1035.8	27519
P08123	508.18	592.41	471.06	2570.2	928.44	534.6	6991.8	92.748	692.3	2769.7	508.18	592.41	471.06	2570.2	928.44	534.6	6991.8	92.748	692.3	2769.7
P08133	335.43	485.46	402.96	563.83	470.3	500.63	977.54	472.04	446.95	12956	335.43	485.46	402.96	563.83	470.3	500.63	977.54	472.04	446.95	12956
P08238;Q58FF7	1556.4	3138.3	2199.3	3023.4	2751.9	3448.8	6040.2	2662.7	2803.9	75340	1556.4	3138.3	2199.3	3023.4	2751.9	3448.8	6040.2	2662.7	2803.9	75340
P08311	100.83	270.74	208.7	282.86	260.64	260.32	464.5	483.24	245.12	11560	100.83	270.74	208.7	282.86	260.64	260.32	464.5	483.24	245.12	11560
P08865	96.881	86.657	225.29	286.02	142.34	338.12	398.68	35.254	352.15	2651	96.881	86.657	225.29	286.02	142.34	338.12	398.68	35.254	352.15	2651
P09012;P08579	235.19	285.53	349.76	518.18	410.53	454.69	991.78	308.86	512.57	7651.9	235.19	285.53	349.76	518.18	410.53	454.69	991.78	308.86	512.57	7651.9
P09211	279.03	220.25	366.59	815.12	315.15	868.22	1076.3	1079.9	686.83	28512	279.03	220.25	366.59	815.12	315.15	868.22	1076.3	1079.9	686.83	28512
P09429	342.7	895.79	416.85	662.25	702.91	664.12	1178	1058.1	674.5	31848	342.7	895.79	416.85	662.25	702.91	664.12	1178	1058.1	674.5	31848
P09622	294.62	398.56	385.53	452.99	469.76	456.2	1138.2	267.63	448.78	7211.9	294.62	398.56	385.53	452.99	469.76	456.2	1138.2	267.63	448.78	7211.9
P09651;Q32P51	210.6	197.25	251.4	385.21	283.59	500.17	1286.8	310.56	354.29	10146	210.6	197.25	251.4	385.21	283.59	500.17	1286.8	310.56	354.29	10146
Q71UI9;P0C0S5	89.751	63.672	111.9	237.96	161.56	212.1	290.95	136.77	184.66	6010.8	89.751	63.672	111.9	237.96	161.56	212.1	290.95	136.77	184.66	6010.8
P62987;P62979;P0CG47;P0CG48	1546.4	1548.4	1959.8	6185.8	2787.3	3623.4	6184	1061.9	2370.3	31961	1546.4	1548.4	1959.8	6185.8	2787.3	3623.4	6184	1061.9	2370.3	31961
Q01105;P0DME0	92.586	65.751	113.05	244.73	144.88	315.41	324.65	86.37	168.49	4229.6	92.586	65.751	113.05	244.73	144.88	315.41	324.65	86.37	168.49	4229.6
P0DMV9;P0DMV8	126.28	123.29	176.39	171.88	200.7	328.09	251.84	110.2	127.11	2345.2	126.28	123.29	176.39	171.88	200.7	328.09	251.84	110.2	127.11	2345.2
P0DP25;P0DP24;P0DP23	181.57	203.68	326.37	873.14	316.03	488.95	747.75	358.68	425.62	12373	181.57	203.68	326.37	873.14	316.03	488.95	747.75	358.68	425.62	12373
P0DPH8;P0DPH7;Q9BQE3;Q71U36;P68363;P68366;Q6PEY2;Q9NY65	870.09	1019.3	1337.6	1907.9	1278.5	2854.2	3061.2	2077.9	1876.5	55345	870.09	1019.3	1337.6	1907.9	1278.5	2854.2	3061.2	2077.9	1876.5	55345
P10412;P16402	1499	2311.5	1806.9	2916.9	2347.1	3272.3	5782.3	4366.2	2693.1	116280	1499	2311.5	1806.9	2916.9	2347.1	3272.3	5782.3	4366.2	2693.1	116280
P10599	301.43	374.58	827.12	1719.4	647.22	703.34	2143	370.71	454.52	7801.6	301.43	374.58	827.12	1719.4	647.22	703.34	2143	370.71	454.52	7801.6
P10809	1529.5	1788.5	1946.3	2778	2171.7	2881.9	4924.3	2335.3	2700.7	60196	1529.5	1788.5	1946.3	2778	2171.7	2881.9	4924.3	2335.3	2700.7	60196
P11021	846.2	851.47	1186.8	1963.2	1221.3	2013.8	3577.6	770.8	1793.7	20185	846.2	851.47	1186.8	1963.2	1221.3	2013.8	3577.6	770.8	1793.7	20185
P11142;P54652;P34931	3807.5	5436.6	5779.1	7940.1	5544	9049.4	13920	9462.4	7521.1	283740	3807.5	5436.6	5779.1	7940.1	5544	9049.4	13920	9462.4	7521.1	283740
P11940;Q13310	43.128	38.216	38.351	161.41	40.822	153.18	240.01	55.854	110.66	1225.3	43.128	38.216	38.351	161.41	40.822	153.18	240.01	55.854	110.66	1225.3
P12004	259.66	311.49	317.52	425.5	342.17	692.35	683.81	514.11	470.24	14505	259.66	311.49	317.52	425.5	342.17	692.35	683.81	514.11	470.24	14505
P12268;P20839	258.24	252.91	382.33	481.44	391.53	614.88	829.34	245.03	355.73	4847.8	258.24	252.91	382.33	481.44	391.53	614.88	829.34	245.03	355.73	4847.8
P12273	191.49	265.01	272.91	344.29	230.3	556.28	397.65	61.91	296.82	1129.3	191.49	265.01	272.91	344.29	230.3	556.28	397.65	61.91	296.82	1129.3
P12956	159.94	235.4	491.68	451.18	381.02	958.68	948.93	216.59	463.79	5571.3	159.94	235.4	491.68	451.18	381.02	958.68	948.93	216.59	463.79	5571.3
P13489	57.275	113.9	114.13	164.83	163.73	193.32	344.35	155.12	192.69	3999.5	57.275	113.9	114.13	164.83	163.73	193.32	344.35	155.12	192.69	3999.5
P13639	600.93	807.46	939.12	1189.4	892.28	1378.5	2259.7	891.86	1085.4	20247	600.93	807.46	939.12	1189.4	892.28	1378.5	2259.7	891.86	1085.4	20247
P13667	0	66.248	41.318	25.439	63.129	40.471	86.433	0	26.249	160.73	0	66.248	41.318	25.439	63.129	40.471	86.433	0	26.249	160.73
P13796	536.45	474.44	682.02	861.88	701.06	1303.8	1723.8	672.88	828.67	17120	536.45	474.44	682.02	861.88	701.06	1303.8	1723.8	672.88	828.67	17120
P13798	0	0	0	0	0	0	0	0	0	0	0	0	0	0	0	0	0	0	0	0
P14324	70.902	54.369	106.12	94.571	89.505	119.96	231.33	23.932	80.788	1253.9	70.902	54.369	106.12	94.571	89.505	119.96	231.33	23.932	80.788	1253.9
P14618;P30613	1615.9	1757.5	2318.9	3798.5	2317	4381.4	5981.6	2474.6	3107	69350	1615.9	1757.5	2318.9	3798.5	2317	4381.4	5981.6	2474.6	3107	69350
P14625;Q58FF3	387.21	532.23	440.7	783.02	566.54	694.95	1115.3	414.44	593.26	13142	387.21	532.23	440.7	783.02	566.54	694.95	1115.3	414.44	593.26	13142
P14866	154.19	128.36	117.55	210.57	184.79	315.69	357.9	125.78	213.62	4012.6	154.19	128.36	117.55	210.57	184.79	315.69	357.9	125.78	213.62	4012.6
P14923	347.23	319.08	1357.2	873.59	556.78	1264.4	3033.6	153.76	961.76	3217.8	347.23	319.08	1357.2	873.59	556.78	1264.4	3033.6	153.76	961.76	3217.8
P63000;P60763;P15153	0	0	0	0	0	0	0	0	0	0	0	0	0	0	0	0	0	0	0	0
P15924	772.4	864.62	2528.7	2889	1477	3787.6	6647.8	265.81	1877.2	7739.4	772.4	864.62	2528.7	2889	1477	3787.6	6647.8	265.81	1877.2	7739.4
P16401	48.975	51.511	100.47	134.35	127.62	191.89	399.47	95.335	97.382	2862.3	48.975	51.511	100.47	134.35	127.62	191.89	399.47	95.335	97.382	2862.3
P16403;Q02539;P22492	277.48	706.61	447.44	545.92	557.87	463.77	978.54	596.18	485.06	17076	277.48	706.61	447.44	545.92	557.87	463.77	978.54	596.18	485.06	17076
P16949	119.88	61.118	101.08	228.98	128.14	200.76	345.66	81.841	130.69	2359.8	119.88	61.118	101.08	228.98	128.14	200.76	345.66	81.841	130.69	2359.8
P17066;P48741	73.842	97.449	117.13	167.16	141.03	171.58	299.06	208	147.1	3851.7	73.842	97.449	117.13	167.16	141.03	171.58	299.06	208	147.1	3851.7
P17844;Q92841	79.46	56.214	106.56	146	120.83	163.2	241.84	57.355	103.37	1410.6	79.46	56.214	106.56	146	120.83	163.2	241.84	57.355	103.37	1410.6
P17987	42.767	84.363	64.979	137.5	87.578	140.49	167.66	0	154.7	932.52	42.767	84.363	64.979	137.5	87.578	140.49	167.66	0	154.7	932.52
P18124	88.819	94.61	107.67	166.82	88.889	160.02	234.46	131.33	163.83	2360	88.819	94.61	107.67	166.82	88.889	160.02	234.46	131.33	163.83	2360
P18621	55.482	59.246	57.307	108.01	97.858	111.74	299.11	179.79	128.47	4109	55.482	59.246	57.307	108.01	97.858	111.74	299.11	179.79	128.47	4109
P19338	766.72	648.12	1068.1	1425.6	855.51	2079.2	2423.7	942.58	1343.5	22998	766.72	648.12	1068.1	1425.6	855.51	2079.2	2423.7	942.58	1343.5	22998
P22087	62.072	50.535	74.699	89.069	106.37	95.683	202.4	78.65	96.126	1718.9	62.072	50.535	74.699	89.069	106.37	95.683	202.4	78.65	96.126	1718.9
P22314	347.27	990.13	919.23	607.18	392.11	1335.5	1123.6	89.398	966.73	4283.4	347.27	990.13	919.23	607.18	392.11	1335.5	1123.6	89.398	966.73	4283.4
P22626	487.75	409.39	728.21	950.51	635.6	1116	2078.9	811.44	1055.1	24590	487.75	409.39	728.21	950.51	635.6	1116	2078.9	811.44	1055.1	24590
P23246	101.84	65.609	88.345	142	143.29	200.58	313.38	79.912	121.01	2218.9	101.84	65.609	88.345	142	143.29	200.58	313.38	79.912	121.01	2218.9
P23284	253.31	188.84	302.9	476.82	191.21	546.25	805.33	450.6	445.9	12686	253.31	188.84	302.9	476.82	191.21	546.25	805.33	450.6	445.9	12686
P23396	506.7	497.71	848.93	1227.1	796.47	1475.9	2359.3	604.04	1343.2	17848	506.7	497.71	848.93	1227.1	796.47	1475.9	2359.3	604.04	1343.2	17848
P23528	322	296.82	383.75	648.97	452.42	640.76	1310.1	195.31	545.59	7090.8	322	296.82	383.75	648.97	452.42	640.76	1310.1	195.31	545.59	7090.8
P23588	54.078	59.005	85.695	115.38	108.28	137.42	264.94	155.83	104.47	5028.3	54.078	59.005	85.695	115.38	108.28	137.42	264.94	155.83	104.47	5028.3
P24534	128.87	74.318	160.91	299.14	150.75	288.37	377.8	133.88	180.22	2999.3	128.87	74.318	160.91	299.14	150.75	288.37	377.8	133.88	180.22	2999.3
P25398	0	0	0	0	0	0	0	0	0	0	0	0	0	0	0	0	0	0	0	0
P25786	0	0	0	0	0	0	0	0	0	0	0	0	0	0	0	0	0	0	0	0
P25788	0	0	0	0	0	0	0	0	0	0	0	0	0	0	0	0	0	0	0	0
P26038;P35241;P15311	933.5	1365.7	1635.8	2143.8	1636	2503.3	4086.7	1537.6	1993.8	38848	933.5	1365.7	1635.8	2143.8	1636	2503.3	4086.7	1537.6	1993.8	38848
P26373	306.19	431.51	406.92	462.13	411.57	505.16	782.37	366.16	475.7	10790	306.19	431.51	406.92	462.13	411.57	505.16	782.37	366.16	475.7	10790
P26447	120.37	152.83	332.11	185.89	191.08	213.44	401.85	256.51	385.61	4149.5	120.37	152.83	332.11	185.89	191.08	213.44	401.85	256.51	385.61	4149.5
P26641	336.41	448.99	494.48	636.5	614.41	566.06	1370.1	361.12	592.53	9569.5	336.41	448.99	494.48	636.5	614.41	566.06	1370.1	361.12	592.53	9569.5
P27797	201.8	238.93	266.39	433.49	280.95	464.62	1047.8	1053.4	597.04	25995	201.8	238.93	266.39	433.49	280.95	464.62	1047.8	1053.4	597.04	25995
P28066	48.824	49.905	145.23	75.928	68.038	291.53	295.07	46.734	84.53	898.25	48.824	49.905	145.23	75.928	68.038	291.53	295.07	46.734	84.53	898.25
P29401	581.73	680.85	892.34	1393.5	703.53	1100.4	1721.7	526.51	855.13	13305	581.73	680.85	892.34	1393.5	703.53	1100.4	1721.7	526.51	855.13	13305
P30041	36.304	57.631	76.7	112.97	57.661	110.91	152.81	0	74.754	836.44	36.304	57.631	76.7	112.97	57.661	110.91	152.81	0	74.754	836.44
P30050	110.4	107.56	124.53	145.59	112.7	195.39	177.5	123.49	169.48	3030.9	110.4	107.56	124.53	145.59	112.7	195.39	177.5	123.49	169.48	3030.9
P30086	391.92	477.42	527.25	1363.7	744.58	1146.9	1784.3	545.99	885.11	12792	391.92	477.42	527.25	1363.7	744.58	1146.9	1784.3	545.99	885.11	12792
P30101	650.99	532.95	844.06	1120.2	916.32	1545.7	2313.9	793.38	1071.1	22022	650.99	532.95	844.06	1120.2	916.32	1545.7	2313.9	793.38	1071.1	22022
P30533	0	0	0	0	0	0	0	0	0	0	0	0	0	0	0	0	0	0	0	0
P31025;Q5VSP4	214.07	286.67	273.7	474.3	346.19	562.13	556.18	97.674	493.41	1657.6	214.07	286.67	273.7	474.3	346.19	562.13	556.18	97.674	493.41	1657.6
P31146	324.47	427.1	447.09	698.19	577.86	585.62	1337.9	654.28	799.64	20337	324.47	427.1	447.09	698.19	577.86	585.62	1337.9	654.28	799.64	20337
P31151;Q86SG5	682.47	755.8	1103.5	1739.7	2071.7	1913.1	2701.5	176.44	1702	4222.3	682.47	755.8	1103.5	1739.7	2071.7	1913.1	2701.5	176.44	1702	4222.3
P52597;P55795;P31943	161.31	388.51	171.52	318.09	220.73	242.3	438.04	50.252	199.74	959.46	161.31	388.51	171.52	318.09	220.73	242.3	438.04	50.252	199.74	959.46
P31944	65.28	45.896	83.849	435.25	118.5	198.63	285.12	28.777	181.99	672.39	65.28	45.896	83.849	435.25	118.5	198.63	285.12	28.777	181.99	672.39
P31947	189.57	157.7	193.27	224.23	199.64	376.12	354.18	314.31	250.75	9373.4	189.57	157.7	193.27	224.23	199.64	376.12	354.18	314.31	250.75	9373.4
P32119	301.58	293.69	570.6	854.19	527.68	667.22	1697	154.76	590.68	3453.6	301.58	293.69	570.6	854.19	527.68	667.22	1697	154.76	590.68	3453.6
P32969	365.03	445.13	552.21	979.89	601.56	1191	1748.6	495.56	794.88	12954	365.03	445.13	552.21	979.89	601.56	1191	1748.6	495.56	794.88	12954
P33316	102.35	122.78	326.56	235.32	225.01	330.52	1059.6	46.592	271.33	1889.5	102.35	122.78	326.56	235.32	225.01	330.52	1059.6	46.592	271.33	1889.5
P35268	86.862	93.595	120.09	178.86	120.52	160.18	491.82	139.61	124.32	4607	86.862	93.595	120.09	178.86	120.52	160.18	491.82	139.61	124.32	4607
P35527;CON__P35527	14449	14992	89268	28543	30928	26005	326570	5379.9	38374	108370	14449	14992	89268	28543	30928	26005	326570	5379.9	38374	108370
P35579;REV__Q9UKV3	225.64	214.2	239.16	389.48	278.74	360.16	1239.9	161.88	344.69	3600.4	225.64	214.2	239.16	389.48	278.74	360.16	1239.9	161.88	344.69	3600.4
P35637;Q92804	78.172	35.038	97.925	96.265	106.8	135.65	205.16	90.341	128.48	2628.2	78.172	35.038	97.925	96.265	106.8	135.65	205.16	90.341	128.48	2628.2
P36578	525.33	837.93	629.52	1068.5	876.73	897.86	2424.1	688.3	902.04	18138	525.33	837.93	629.52	1068.5	876.73	897.86	2424.1	688.3	902.04	18138
P37837	202.63	202.29	276.67	314.81	254.36	320.11	772.89	176.22	320.99	4878.6	202.63	202.29	276.67	314.81	254.36	320.11	772.89	176.22	320.99	4878.6
P38646	269.52	149.63	199.14	435.73	216.19	474.78	823.77	228.77	360.05	4727.5	269.52	149.63	199.14	435.73	216.19	474.78	823.77	228.77	360.05	4727.5
P39019	133.78	254.76	298.7	343.35	371.85	394.36	780.56	288.57	375.6	10659	133.78	254.76	298.7	343.35	371.85	394.36	780.56	288.57	375.6	10659
P39023;Q92901	104.42	144.84	178.64	276.52	192.63	284.92	379.02	243.92	179.67	6993.6	104.42	144.84	178.64	276.52	192.63	284.92	379.02	243.92	179.67	6993.6
P40121	170.42	275.17	320.09	336.85	379.8	367.08	795.3	173.24	376.4	5473.1	170.42	275.17	320.09	336.85	379.8	367.08	795.3	173.24	376.4	5473.1
P40227	174.08	123.9	177.39	329.97	182.72	448.96	552.64	159.2	247.24	5465.2	174.08	123.9	177.39	329.97	182.72	448.96	552.64	159.2	247.24	5465.2
P40429	60.906	80.233	59.414	103.2	73.212	126.66	144.26	46.369	84.337	1504.7	60.906	80.233	59.414	103.2	73.212	126.66	144.26	46.369	84.337	1504.7
P40925	270.89	328.38	370.88	876.62	430.43	946.43	1335.5	526.19	675.53	14564	270.89	328.38	370.88	876.62	430.43	946.43	1335.5	526.19	675.53	14564
P40926	429.38	379.88	556.25	975.39	557.58	680.06	2032.7	560.48	682.98	15685	429.38	379.88	556.25	975.39	557.58	680.06	2032.7	560.48	682.98	15685
P42766	118.21	112.63	228.12	169.76	115.45	400.04	552.64	222.58	237.31	7278.9	118.21	112.63	228.12	169.76	115.45	400.04	552.64	222.58	237.31	7278.9
P46776	37.015	53.568	55.673	45.998	52.84	66.935	176.46	62.75	58.34	1820	37.015	53.568	55.673	45.998	52.84	66.935	176.46	62.75	58.34	1820
P46777	128.14	174.83	149.88	287.57	180.88	228.24	315.53	140.57	177.78	3264.2	128.14	174.83	149.88	287.57	180.88	228.24	315.53	140.57	177.78	3264.2
P46778	218.42	247.11	381.53	347.05	267.55	400.77	895.3	477.65	422.48	10271	218.42	247.11	381.53	347.05	267.55	400.77	895.3	477.65	422.48	10271
P46783;Q9NQ39	161.37	211.07	170.34	241.57	235.69	397.95	454.15	0	251.52	1604.4	161.37	211.07	170.34	241.57	235.69	397.95	454.15	0	251.52	1604.4
P47914	56.004	197.33	159.06	133.99	123.16	169.5	447.3	41.088	144.6	1229.6	56.004	197.33	159.06	133.99	123.16	169.5	447.3	41.088	144.6	1229.6
P48643	309.22	404.95	426.38	570.98	501.94	750.31	1010.4	352.88	468.42	9795.5	309.22	404.95	426.38	570.98	501.94	750.31	1010.4	352.88	468.42	9795.5
P49207	121.58	147.03	255.68	530.1	129.1	932.75	449.89	270.97	212	3986.2	121.58	147.03	255.68	530.1	129.1	932.75	449.89	270.97	212	3986.2
P49327	54.097	68.014	39.845	39.288	53.177	118.83	125.75	36.436	70.231	830.02	54.097	68.014	39.845	39.288	53.177	118.83	125.75	36.436	70.231	830.02
P49368	240.13	181	191.82	358.56	314.94	671.77	694.76	37.868	980.95	1405.3	240.13	181	191.82	358.56	314.94	671.77	694.76	37.868	980.95	1405.3
P50990	288.18	250.23	388.12	440.51	324.19	475.56	1291.7	293.57	435.66	8917.8	288.18	250.23	388.12	440.51	324.19	475.56	1291.7	293.57	435.66	8917.8
P50991	0	68.475	60.298	63.294	69.371	41.394	141.49	0	65.522	431.34	0	68.475	60.298	63.294	69.371	41.394	141.49	0	65.522	431.34
P51149	0	0	0	0	0	0	0	0	0	0	0	0	0	0	0	0	0	0	0	0
P51858	0	21.123	32.631	34.305	34.359	0	67.548	0	48.159	489.27	0	21.123	32.631	34.305	34.359	0	67.548	0	48.159	489.27
P51991	371.08	391.37	320.66	587.95	559.75	631.04	1420.4	540.8	681.81	13037	371.08	391.37	320.66	587.95	559.75	631.04	1420.4	540.8	681.81	13037
P52209	131.5	261.26	167.76	296.61	202.46	328.49	629.47	123.87	256.88	3618.3	131.5	261.26	167.76	296.61	202.46	328.49	629.47	123.87	256.88	3618.3
P52566	140.27	182.27	293.6	294.61	278.64	383.47	806.58	369.61	393.2	7746.6	140.27	182.27	293.6	294.61	278.64	383.47	806.58	369.61	393.2	7746.6
P53999	101.31	139.26	164.19	144.61	226.69	245.45	314.39	77.413	214.67	2408.5	101.31	139.26	164.19	144.61	226.69	245.45	314.39	77.413	214.67	2408.5
P54819	163.39	109.95	123.81	376.47	207.57	399.3	667.39	132.72	226.79	3549.1	163.39	109.95	123.81	376.47	207.57	399.3	667.39	132.72	226.79	3549.1
P55072	110.11	99.358	243.93	213.44	164.41	297.34	413.07	69.256	184.55	2086.8	110.11	99.358	243.93	213.44	164.41	297.34	413.07	69.256	184.55	2086.8
P55209	105.31	20.223	176.56	274.85	90.767	550.1	475.71	66.32	220.64	1636.1	105.31	20.223	176.56	274.85	90.767	550.1	475.71	66.32	220.64	1636.1
Q15365;Q15366;P57721;P57723	53.25	111.59	134.53	203.27	170.52	295.58	477.58	209.98	241.16	5533.6	53.25	111.59	134.53	203.27	170.52	295.58	477.58	209.98	241.16	5533.6
P59998	96.539	93.287	88.378	163.06	131.12	383.87	262.91	90.607	205.16	2653.1	96.539	93.287	88.378	163.06	131.12	383.87	262.91	90.607	205.16	2653.1
P60174	549.79	957.13	940.52	1373.7	1047.1	1276.2	2551.5	1177.7	974.29	25975	549.79	957.13	940.52	1373.7	1047.1	1276.2	2551.5	1177.7	974.29	25975
P63261;P60709;Q562R1;Q6S8J3;A5A3E0;P0CG38;Q9BYX7;P0CG39	3075.7	4014.8	3590.5	6085.2	4785	6279	8259.8	4429.5	4572.7	111320	3075.7	4014.8	3590.5	6085.2	4785	6279	8259.8	4429.5	4572.7	111320
P60842;Q14240;P38919	373.75	334.96	768.04	922.99	520.52	1112.9	1896.6	381.91	965.44	12630	373.75	334.96	768.04	922.99	520.52	1112.9	1896.6	381.91	965.44	12630
P60866	145.31	228.12	224.4	356.08	275.38	325.75	622.93	101.01	222.33	3203.8	145.31	228.12	224.4	356.08	275.38	325.75	622.93	101.01	222.33	3203.8
P60900	36.092	44.393	59.105	119.6	39.463	70.667	225.03	43.714	66.71	1070.3	36.092	44.393	59.105	119.6	39.463	70.667	225.03	43.714	66.71	1070.3
P61247	213.09	233.37	279.75	354.93	290.19	325.71	881.56	219.14	441.63	6389.9	213.09	233.37	279.75	354.93	290.19	325.71	881.56	219.14	441.63	6389.9
P61313	128.17	124.04	136.74	247.34	200.76	525.36	485.16	108.82	259.05	2307.8	128.17	124.04	136.74	247.34	200.76	525.36	485.16	108.82	259.05	2307.8
P61604	348.43	334.18	425.86	678.93	408.49	784.24	951.41	492.36	504.69	16112	348.43	334.18	425.86	678.93	408.49	784.24	951.41	492.36	504.69	16112
P61626	77.832	67.762	93.265	180.83	126.32	224.72	654.24	44.035	167.2	1250.6	77.832	67.762	93.265	180.83	126.32	224.72	654.24	44.035	167.2	1250.6
P61978	215.25	283.09	332.91	486.8	438.87	574.63	1389.2	612	489.16	13149	215.25	283.09	332.91	486.8	438.87	574.63	1389.2	612	489.16	13149
P62081	181.43	297.06	210.65	501.53	297.43	427.49	759.69	439.68	317.34	10852	181.43	297.06	210.65	501.53	297.43	427.49	759.69	439.68	317.34	10852
P62241	177.03	190.33	278.99	388.39	231.26	344.66	1095.2	221.92	352.65	5931.1	177.03	190.33	278.99	388.39	231.26	344.66	1095.2	221.92	352.65	5931.1
P62258	176	133.71	158	301.19	291.33	304.31	551.37	172.98	208.54	5874.3	176	133.71	158	301.19	291.33	304.31	551.37	172.98	208.54	5874.3
P62263	111.64	119.79	125.7	59.065	156.05	126.59	348.56	134.16	90.184	2530.7	111.64	119.79	125.7	59.065	156.05	126.59	348.56	134.16	90.184	2530.7
P62269	225.56	242.38	540.04	489.19	376.9	728.43	1015.3	281.57	412.48	5209.4	225.56	242.38	540.04	489.19	376.9	728.43	1015.3	281.57	412.48	5209.4
P62277	173.67	141.01	214.78	279.54	272.36	375.17	467.59	118.22	275.04	3872.7	173.67	141.01	214.78	279.54	272.36	375.17	467.59	118.22	275.04	3872.7
P62280	340.35	318.9	437.2	516.94	425.34	826.85	1236.7	408.55	666.3	13263	340.35	318.9	437.2	516.94	425.34	826.85	1236.7	408.55	666.3	13263
P62310	64.56	75.669	76.146	156.59	84.13	118.08	248.18	53.756	89.002	1402.9	64.56	75.669	76.146	156.59	84.13	118.08	248.18	53.756	89.002	1402.9
P62316	35.201	43	47.423	95.784	61.817	182.44	185.47	43.641	56.597	985.83	35.201	43	47.423	95.784	61.817	182.44	185.47	43.641	56.597	985.83
P62318	117.76	77.683	92.522	162.92	90.616	199.95	299.39	107.94	130.66	2686.8	117.76	77.683	92.522	162.92	90.616	199.95	299.39	107.94	130.66	2686.8
P62328;CON__P21752;P63313;O14604	876.04	1598.3	1509.4	1621	1524.8	3132.8	6204.2	6756.6	2582	219830	876.04	1598.3	1509.4	1621	1524.8	3132.8	6204.2	6756.6	2582	219830
P62424	350.05	284.28	450.33	631.34	603.07	612.21	1261.4	372.53	501.65	10412	350.05	284.28	450.33	631.34	603.07	612.21	1261.4	372.53	501.65	10412
P62701	71.194	24.063	49.035	64.087	41.457	71.467	303.77	60.475	75.122	2347.6	71.194	24.063	49.035	64.087	41.457	71.467	303.77	60.475	75.122	2347.6
P63267;P68133;P68032;P62736	25.555	0	0	41.043	25.845	66.061	93.548	40.155	42.378	896.89	25.555	0	0	41.043	25.845	66.061	93.548	40.155	42.378	896.89
P62750	208.69	206.85	235.31	275.72	274.37	333.91	594.36	211.63	309.06	5491.4	208.69	206.85	235.31	275.72	274.37	333.91	594.36	211.63	309.06	5491.4
P62753	53.253	151.57	81.755	140.3	149.53	69.378	287.31	216.51	126.66	4947.4	53.253	151.57	81.755	140.3	149.53	69.378	287.31	216.51	126.66	4947.4
P62805	1855.7	2369.7	3111.7	4179.4	3018.7	5966.3	8779.1	4632.8	4637.9	120100	1855.7	2369.7	3111.7	4179.4	3018.7	5966.3	8779.1	4632.8	4637.9	120100
P62826	107.95	86.039	294.69	180.41	122.66	227.05	929.69	155.31	291.05	4438.1	107.95	86.039	294.69	180.41	122.66	227.05	929.69	155.31	291.05	4438.1
P62829	75.777	155.17	191.81	308.81	189.9	356	646.16	299.48	256.9	10941	75.777	155.17	191.81	308.81	189.9	356	646.16	299.48	256.9	10941
P62847	151.77	238.19	181.82	293.82	241.38	135.94	756.11	412.3	338.17	11460	151.77	238.19	181.82	293.82	241.38	135.94	756.11	412.3	338.17	11460
P62851	81.696	91.28	87.092	149.66	67.158	257.26	266.62	119.62	131.99	3357.7	81.696	91.28	87.092	149.66	67.158	257.26	266.62	119.62	131.99	3357.7
Q5JNZ5;P62854	163.42	155.96	153.52	186.78	136.83	199.49	343.56	159.18	167.83	3461.2	163.42	155.96	153.52	186.78	136.83	199.49	343.56	159.18	167.83	3461.2
P62857	100.81	77.778	173.76	265.14	127.84	292.95	638.19	176.62	219.76	4140.8	100.81	77.778	173.76	265.14	127.84	292.95	638.19	176.62	219.76	4140.8
P62906	198.78	111.43	222.56	274.23	272.81	439.45	595.48	313.7	260.42	6805.4	198.78	111.43	222.56	274.23	272.81	439.45	595.48	313.7	260.42	6805.4
P62913	293.34	211.57	458.19	609.68	308.37	593.07	1293.1	364.9	481.24	9538.5	293.34	211.57	458.19	609.68	308.37	593.07	1293.1	364.9	481.24	9538.5
P62937;P0DN37;P0DN26;A0A0B4J2A2;A0A075B767;A0A075B759;Q9Y536;F5H284	553.59	650.49	741.24	1139.6	864.75	1610.3	1874.2	2559	1325.9	66100	553.59	650.49	741.24	1139.6	864.75	1610.3	1874.2	2559	1325.9	66100
P62942	67.852	81.147	74.237	155.04	95.531	127.1	206.64	44.252	120.2	1811.2	67.852	81.147	74.237	155.04	95.531	127.1	206.64	44.252	120.2	1811.2
P63104;P27348;Q04917;P31946;P61981	648.05	461.14	588.93	1521.8	939.9	1448.5	2380.3	1013.4	1103.3	26875	648.05	461.14	588.93	1521.8	939.9	1448.5	2380.3	1013.4	1103.3	26875
Q9GZV4;Q6IS14;P63241	24.967	67.104	21.52	61.917	21.017	104.29	123.06	23.361	64.391	597.29	24.967	67.104	21.52	61.917	21.017	104.29	123.06	23.361	64.391	597.29
P63244	265.53	198.25	341.77	415.18	407.72	584.46	1206.1	342.59	410.39	8713.7	265.53	198.25	341.77	415.18	407.72	584.46	1206.1	342.59	410.39	8713.7
P67809;Q9Y2T7;P16989	140.06	107.82	178.38	292.09	106.86	287.83	424.71	59.502	178.89	2576.8	140.06	107.82	178.38	292.09	106.86	287.83	424.71	59.502	178.89	2576.8
P68104;Q5VTE0;Q05639	1447.6	5227.9	2599.1	5091.6	3195.9	4331.4	7187.4	4274.2	3600.5	92088	1447.6	5227.9	2599.1	5091.6	3195.9	4331.4	7187.4	4274.2	3600.5	92088
P68371;P04350;Q3ZCM7	605.57	684.51	1087.4	1390.7	974.98	2013.4	2657	951.33	1224.8	25832	605.57	684.51	1087.4	1390.7	974.98	2013.4	2657	951.33	1224.8	25832
Q71DI3;Q16695;P68431;P84243;Q6NXT2	1030.6	1814.4	1211.5	2339.6	1880.9	1658.1	3203.9	3053.7	2137	83863	1030.6	1814.4	1211.5	2339.6	1880.9	1658.1	3203.9	3053.7	2137	83863
P68871	0	0	0	0	0	0	0	0	0	0	0	0	0	0	0	0	0	0	0	0
P78371	254.36	228.32	299.28	347.6	340.62	424.51	748.43	333.21	335.12	7481.6	254.36	228.32	299.28	347.6	340.62	424.51	748.43	333.21	335.12	7481.6
P81605	1936.3	2436.8	2389.6	2979.3	4006.6	8494.5	5044	563.32	2404.5	6763.8	1936.3	2436.8	2389.6	2979.3	4006.6	8494.5	5044	563.32	2404.5	6763.8
P83731	76.857	53.204	126.47	196.17	121.67	256.8	394.48	111.86	202.75	2100.1	76.857	53.204	126.47	196.17	121.67	256.8	394.48	111.86	202.75	2100.1
P84103	168.17	171.6	212.52	413.34	249.07	443.46	448.15	199.59	344.96	5255.1	168.17	171.6	212.52	413.34	249.07	443.46	448.15	199.59	344.96	5255.1
Q00610	130.69	226.4	196.3	337.26	201.63	267.17	382.47	150.22	192.16	3426.1	130.69	226.4	196.3	337.26	201.63	267.17	382.47	150.22	192.16	3426.1
Q00839	270.98	372.75	335.27	526.39	364.84	470.37	770.01	316.87	467.19	7408.9	270.98	372.75	335.27	526.39	364.84	470.37	770.01	316.87	467.19	7408.9
Q01130;Q9BRL6	192.07	252.09	326.95	453.41	329.89	383.96	900.82	346.51	418.12	7073.6	192.07	252.09	326.95	453.41	329.89	383.96	900.82	346.51	418.12	7073.6
Q01469	121.17	158.6	415.28	425.51	221.94	564.83	682.03	117.25	235.52	1972.2	121.17	158.6	415.28	425.51	221.94	564.83	682.03	117.25	235.52	1972.2
Q02413	391.04	342.22	1097.1	1221.2	1211.5	1242	6332.3	346.9	1700	4868	391.04	342.22	1097.1	1221.2	1211.5	1242	6332.3	346.9	1700	4868
Q02543	63.251	130.94	133.62	118.87	120.67	154.13	379.67	95.445	129.74	2227.2	63.251	130.94	133.62	118.87	120.67	154.13	379.67	95.445	129.74	2227.2
Q02878	298.99	392.24	379.93	725.67	480.34	783.53	1380.7	536.54	548.88	12845	298.99	392.24	379.93	725.67	480.34	783.53	1380.7	536.54	548.88	12845
Q03181	119.13	143.2	204.83	428.61	227.59	281.76	1475.4	87.759	228.84	2314	119.13	143.2	204.83	428.61	227.59	281.76	1475.4	87.759	228.84	2314
Q06830;Q13162	502.8	446.9	1142.5	1432.4	738.33	2880.5	2988.8	871.8	1134.7	16773	502.8	446.9	1142.5	1432.4	738.33	2880.5	2988.8	871.8	1134.7	16773
Q07955	87.073	124.95	100.21	175.63	84.575	119.85	334.36	138.6	176.84	5269.3	87.073	124.95	100.21	175.63	84.575	119.85	334.36	138.6	176.84	5269.3
Q08211	41.195	23.518	40.226	72.062	24.892	98.787	121.88	20.906	60.818	316.12	41.195	23.518	40.226	72.062	24.892	98.787	121.88	20.906	60.818	316.12
Q08554	58.361	0	44.03	102.43	53.446	161.27	139	39.193	22.698	434.18	58.361	0	44.03	102.43	53.446	161.27	139	39.193	22.698	434.18
Q09666	129.02	178.88	177.16	217.35	168.38	299.21	497.68	62.894	219.79	1528	129.02	178.88	177.16	217.35	168.38	299.21	497.68	62.894	219.79	1528
Q12905	0	0	0	0	0	0	0	0	0	0	0	0	0	0	0	0	0	0	0	0
Q13185	184.89	117.79	207.43	279.22	219.73	424.36	658.45	365.4	353.72	7914.1	184.89	117.79	207.43	279.22	219.73	424.36	658.45	365.4	353.72	7914.1
Q13263	98.342	78.279	189.22	296.1	249.78	222.64	363.97	124.05	145.57	3085	98.342	78.279	189.22	296.1	249.78	222.64	363.97	124.05	145.57	3085
Q13296	147.71	126.97	179.77	155.45	665.64	284.74	450.07	35.242	183.23	1138.6	147.71	126.97	179.77	155.45	665.64	284.74	450.07	35.242	183.23	1138.6
Q13451	57.533	61.044	99.124	103.19	91.62	162.84	378.51	47.239	74.946	1778.4	57.533	61.044	99.124	103.19	91.62	162.84	378.51	47.239	74.946	1778.4
Q13867	462.36	665.99	452.4	1121.4	766.37	469.61	783.84	102.94	418.64	2124.2	462.36	665.99	452.4	1121.4	766.37	469.61	783.84	102.94	418.64	2124.2
Q14103	62.776	37.599	52.895	120.21	43.665	114.69	145.95	18.732	60.843	858.79	62.776	37.599	52.895	120.21	43.665	114.69	145.95	18.732	60.843	858.79
Q14574	113.42	132.51	181.77	497.05	265.96	537.56	1024.1	54.267	327.67	1335.7	113.42	132.51	181.77	497.05	265.96	537.56	1024.1	54.267	327.67	1335.7
Q15056	50.67	0	88.073	55.792	72.815	110.98	168.55	22.281	20.76	643.99	50.67	0	88.073	55.792	72.815	110.98	168.55	22.281	20.76	643.99
Q15084	0	0	0	0	0	0	0	0	0	0	0	0	0	0	0	0	0	0	0	0
Q15233	137.48	155.03	162.83	247	122.93	192.37	477.01	183.17	220.41	5234.5	137.48	155.03	162.83	247	122.93	192.37	477.01	183.17	220.41	5234.5
Q15828	26.687	42.537	51.283	927.37	110.61	108.72	166.37	0	22.707	236.28	26.687	42.537	51.283	927.37	110.61	108.72	166.37	0	22.707	236.28
Q15942	26.083	26.85	95.276	52.521	81.765	90.566	346.84	33.755	85.378	762.93	26.083	26.85	95.276	52.521	81.765	90.566	346.84	33.755	85.378	762.93
Q16629	84.147	38.19	96.245	137.58	136.86	126.48	331.02	61.173	123.3	1232.1	84.147	38.19	96.245	137.58	136.86	126.48	331.02	61.173	123.3	1232.1
Q58FF8	46.568	62.024	70.28	80.987	51.758	109.73	225.11	35.219	86.965	1655.3	46.568	62.024	70.28	80.987	51.758	109.73	225.11	35.219	86.965	1655.3
Q5T750	594.12	328.55	489.99	730.09	630.34	699.69	3870.4	106.37	700.54	1986.6	594.12	328.55	489.99	730.09	630.34	699.69	3870.4	106.37	700.54	1986.6
Q6FI13;Q99878;Q96KK5;Q16777;P0C0S8;Q9BTM1;Q93077;P20671;Q8IUE6;Q7L7L0;P04908;Q96QV6;P16104;REV__Q8NB25	1132.9	3305.9	1450.3	1777.7	1924.1	1858.4	3677.8	4557.4	2479.7	150790	1132.9	3305.9	1450.3	1777.7	1924.1	1858.4	3677.8	4557.4	2479.7	150790
Q6GYQ0	271.98	730.75	278.33	1994.2	466.66	373.19	1135.6	221.5	271.93	4356.2	271.98	730.75	278.33	1994.2	466.66	373.19	1135.6	221.5	271.93	4356.2
Q6IE81	0	0	0	0	0	0	0	0	0	0	0	0	0	0	0	0	0	0	0	0
Q6UWP8	57.001	130.51	74.42	507.17	126.84	132.56	262.42	0	123.16	431.21	57.001	130.51	74.42	507.17	126.84	132.56	262.42	0	123.16	431.21
Q7Z443	54.211	51.342	89.298	217.99	122.25	457.62	1487.9	37.914	154.03	370.71	54.211	51.342	89.298	217.99	122.25	457.62	1487.9	37.914	154.03	370.71
Q8IW70	387.26	294.39	586.83	2760	1317.4	2424.7	2792.3	139.63	860.78	1417.7	387.26	294.39	586.83	2760	1317.4	2424.7	2792.3	139.63	860.78	1417.7
Q8IX01	53.046	95.305	113.96	85.205	69.181	209.04	200.51	361.94	150.91	10520	53.046	95.305	113.96	85.205	69.181	209.04	200.51	361.94	150.91	10520
Q8N300	552.65	1059.9	530.45	1009.1	761.7	875.33	2617.6	81.811	992.2	1097.5	552.65	1059.9	530.45	1009.1	761.7	875.33	2617.6	81.811	992.2	1097.5
Q8N9N2	66.465	127.74	315.04	250.82	232.81	295.72	3773.1	59.916	299.41	1743.5	66.465	127.74	315.04	250.82	232.81	295.72	3773.1	59.916	299.41	1743.5
Q8NC51	196.84	309.32	405.14	367.88	499.92	187.7	682.29	187.38	276.44	6062.2	196.84	309.32	405.14	367.88	499.92	187.7	682.29	187.38	276.44	6062.2
Q92688	0	0	0	0	0	0	0	0	0	0	0	0	0	0	0	0	0	0	0	0
Q93045	157.44	277.59	271.11	266.63	242.09	351.02	602.19	226.55	274.71	7137	157.44	277.59	271.11	266.63	242.09	351.02	602.19	226.55	274.71	7137
Q93070	462.58	1013.5	707.39	1550.1	875.16	681.57	2045.6	138.57	829.99	3980.1	462.58	1013.5	707.39	1550.1	875.16	681.57	2045.6	138.57	829.99	3980.1
Q969H8	57.979	101.88	79.87	202.94	90.747	233.11	243.03	99.684	150.67	2158	57.979	101.88	79.87	202.94	90.747	233.11	243.03	99.684	150.67	2158
Q9BUP0;Q96C19	93.688	141.26	166.87	204.22	112.78	144.75	465.68	61.684	175.51	1857.9	93.688	141.26	166.87	204.22	112.78	144.75	465.68	61.684	175.51	1857.9
Q96J02	110.05	143.35	196.93	205.96	213.07	352.68	3358.9	44.748	289.95	493.78	110.05	143.35	196.93	205.96	213.07	352.68	3358.9	44.748	289.95	493.78
Q96P63	242.53	121.92	531.92	683.51	364.95	944.25	1987.3	128.81	466.93	1590.5	242.53	121.92	531.92	683.51	364.95	944.25	1987.3	128.81	466.93	1590.5
Q96QA5	173.29	187.11	257.32	222.87	296.91	322.21	1303.7	49.829	351.24	863.55	173.29	187.11	257.32	222.87	296.91	322.21	1303.7	49.829	351.24	863.55
Q99497	527.76	827.76	695.67	1655.8	666.25	937.54	1670.8	431.99	847.71	12872	527.76	827.76	695.67	1655.8	666.25	937.54	1670.8	431.99	847.71	12872
Q99832	174.99	82.399	193.18	249.65	174.81	234.27	487.12	182.21	254.03	3443.5	174.99	82.399	193.18	249.65	174.81	234.27	487.12	182.21	254.03	3443.5
Q9BPU6	745.06	14358	1679.1	2487.4	2150.6	4326.1	6174.9	1867.1	1321.3	69872	745.06	14358	1679.1	2487.4	2150.6	4326.1	6174.9	1867.1	1321.3	69872
Q9BV40	65.774	59.24	126.09	176.08	117.28	180.48	611.73	95.011	440.25	2192.3	65.774	59.24	126.09	176.08	117.28	180.48	611.73	95.011	440.25	2192.3
Q9GZZ8	393.7	208.03	647.08	799.51	366.41	687.36	683.2	74.934	1028.1	1741.6	393.7	208.03	647.08	799.51	366.41	687.36	683.2	74.934	1028.1	1741.6
Q9HCS4	67.327	0	124.88	202.65	96.193	3318.5	93.307	174.04	432	251.3	67.327	0	124.88	202.65	96.193	3318.5	93.307	174.04	432	251.3
Q9NQC3	82.167	114.43	95.11	180.66	132.61	211.31	932.01	54.345	400.9	957.04	82.167	114.43	95.11	180.66	132.61	211.31	932.01	54.345	400.9	957.04
Q9NZT1	298.25	216.6	409.24	1449	357.72	576.63	834.61	51.793	396.7	1440.5	298.25	216.6	409.24	1449	357.72	576.63	834.61	51.793	396.7	1440.5
Q9P1F3	37.406	37.531	67.728	147.64	76.138	308.5	136.93	0	49.729	530.07	37.406	37.531	67.728	147.64	76.138	308.5	136.93	0	49.729	530.07
Q9UH77	0	0	0	0	0	0	0	0	0	0	0	0	0	0	0	0	0	0	0	0
Q9UMX1	218.35	135.06	418.77	654.45	171.07	3007	628.13	159.49	201.92	2458	218.35	135.06	418.77	654.45	171.07	3007	628.13	159.49	201.92	2458
Q9UN81	404.51	549.13	383.26	3047.6	1112.7	400.08	1991.8	471.33	360.59	11854	404.51	549.13	383.26	3047.6	1112.7	400.08	1991.8	471.33	360.59	11854
Q9UQ80	186.72	455.97	262.57	423.79	388.48	320.65	611.49	222.03	459.64	5587.9	186.72	455.97	262.57	423.79	388.48	320.65	611.49	222.03	459.64	5587.9
REV__O15440	2208.4	5808	4002	4499.9	2468.6	4521.2	3446.2	586.49	8258.4	14552	2208.4	5808	4002	4499.9	2468.6	4521.2	3446.2	586.49	8258.4	14552
REV__P22466	143.71	182.71	1256.1	384.05	255.82	1975.2	681.01	154.9	635.45	2511.9	143.71	182.71	1256.1	384.05	255.82	1975.2	681.01	154.9	635.45	2511.9
REV__P42285	0	0	0	0	0	0	0	0	0	0	0	0	0	0	0	0	0	0	0	0
REV__Q86T90	46.769	136.12	116.01	5581.5	158.72	376.93	398.54	0	67.757	474.77	46.769	136.12	116.01	5581.5	158.72	376.93	398.54	0	67.757	474.77
