Protein IDs	Reporter intensity corrected 1 PNNL SC boost0ng_run2	Reporter intensity corrected 2 PNNL SC boost0ng_run2	Reporter intensity corrected 3 PNNL SC boost0ng_run2	Reporter intensity corrected 4 PNNL SC boost0ng_run2	Reporter intensity corrected 5 PNNL SC boost0ng_run2	Reporter intensity corrected 6 PNNL SC boost0ng_run2	Reporter intensity corrected 7 PNNL SC boost0ng_run2	Reporter intensity corrected 8 PNNL SC boost0ng_run2	Reporter intensity corrected 9 PNNL SC boost0ng_run2	Reporter intensity corrected 10 PNNL SC boost0ng_run2	Reporter intensity 1 PNNL SC boost0ng_run2	Reporter intensity 2 PNNL SC boost0ng_run2	Reporter intensity 3 PNNL SC boost0ng_run2	Reporter intensity 4 PNNL SC boost0ng_run2	Reporter intensity 5 PNNL SC boost0ng_run2	Reporter intensity 6 PNNL SC boost0ng_run2	Reporter intensity 7 PNNL SC boost0ng_run2	Reporter intensity 8 PNNL SC boost0ng_run2	Reporter intensity 9 PNNL SC boost0ng_run2	Reporter intensity 10 PNNL SC boost0ng_run2
A0A1B0GUS4;P68036	480.82	0	770.09	604.97	437.38	290.88	977.44	523.64	505.21	0	480.82	0	770.09	604.97	437.38	290.88	977.44	523.64	505.21	0
P0DMR1;O60812;B7ZW38;B2RXH8;P07910	2811.9	3493.3	3376.4	2700.1	2978	2533.9	4474.4	4095.6	3464.4	1928.9	2811.9	3493.3	3376.4	2700.1	2978	2533.9	4474.4	4095.6	3464.4	1928.9
Q99613;B5ME19	530.54	389.91	734.12	760.86	722.18	552.43	1245.7	831.4	1165.7	506.01	530.54	389.91	734.12	760.86	722.18	552.43	1245.7	831.4	1165.7	506.01
CON__ENSEMBL:ENSBTAP00000024146;P01023	3308.7	1895.6	3222.3	2899.4	3960	2711.6	6934	4239.7	4767.2	1185.5	3308.7	1895.6	3222.3	2899.4	3960	2711.6	6934	4239.7	4767.2	1185.5
CON__P00761;CON__P07477;P07477;Q9BYE2	1546500	1511800	1395700	1329800	1470800	1246200	1863900	1756900	1777700	126840	1546500	1511800	1395700	1329800	1470800	1246200	1863900	1756900	1777700	126840
CON__P02584	0	0	0	0	0	0	0	0	0	0	0	0	0	0	0	0	0	0	0	0
CON__P02769;CON__P02768-1;P02768	77199	85433	86945	80582	87318	72559	157910	136120	113430	17913	77199	85433	86945	80582	87318	72559	157910	136120	113430	17913
CON__P04264;P04264;CON__ENSEMBL:ENSBTAP00000038253;CON__Q9R0H5;CON__Q6NXH9;CON__Q8BGZ7;CON__P50446;CON__Q6IFZ6;CON__Q7Z794;CON__Q922U2;CON__Q5XQN5;Q7Z794	96746	30567	38515	33233	33276	31362	50310	36623	43614	3716.9	96746	30567	38515	33233	33276	31362	50310	36623	43614	3716.9
CON__P12763	8487.5	8187.2	8488.5	8727	10254	5802.2	14391	12019	10764	2587.2	8487.5	8187.2	8488.5	8727	10254	5802.2	14391	12019	10764	2587.2
CON__P13645;P13645	28193	6279.8	6090.1	4786.2	5625.2	2655.6	6737.8	5807.6	6853.9	2530.4	28193	6279.8	6090.1	4786.2	5625.2	2655.6	6737.8	5807.6	6853.9	2530.4
CON__P34955	19155	18260	21796	22031	16712	13016	33205	31343	26527	1337.5	19155	18260	21796	22031	16712	13016	33205	31343	26527	1337.5
CON__P35908v2;P35908;CON__P35908;CON__Q3TTY5	38652	1170.3	3701.2	3025	2086	1491.3	3362.1	2304.4	3328.9	332.01	38652	1170.3	3701.2	3025	2086	1491.3	3362.1	2304.4	3328.9	332.01
CON__Q3ZBD7;P06744	0	0	0	0	0	0	0	0	0	0	0	0	0	0	0	0	0	0	0	0
Q13765;E9PAV3	1596.1	973.84	1815	1272.4	1254.6	710.95	2034.6	1673.7	1525.3	590.14	1596.1	973.84	1815	1272.4	1254.6	710.95	2034.6	1673.7	1525.3	590.14
O00148;Q13838	7445.1	4164.7	6212.9	5330	4966.9	4384.3	11506	6549	8268.1	2108.2	7445.1	4164.7	6212.9	5330	4966.9	4384.3	11506	6549	8268.1	2108.2
O00299	0	0	0	0	0	0	0	0	0	0	0	0	0	0	0	0	0	0	0	0
O14497	4905.6	4737.9	7196.2	8596.4	6515.9	5159.6	14867	19359	18931	13959	4905.6	4737.9	7196.2	8596.4	6515.9	5159.6	14867	19359	18931	13959
O14901	273560	3352.8	24495	3296.8	5129.9	3093.9	5787.9	6365.7	5144.9	1094.9	273560	3352.8	24495	3296.8	5129.9	3093.9	5787.9	6365.7	5144.9	1094.9
P19105;O14950;P24844	8050	4570.5	7764.4	13238	10810	10029	20090	38000	31860	4981.5	8050	4570.5	7764.4	13238	10810	10029	20090	38000	31860	4981.5
Q14103;O14979	10114	3884.8	8087.7	11438	15744	8994.6	11763	11135	10431	3079	10114	3884.8	8087.7	11438	15744	8994.6	11763	11135	10431	3079
O43707;P35609;Q08043	6374.3	3418.2	5338.8	6114.5	8246.8	5219.2	19526	10672	9292.2	2306.4	6374.3	3418.2	5338.8	6114.5	8246.8	5219.2	19526	10672	9292.2	2306.4
O43745	290000	3497	24538	5313.5	10409	11177	7433.3	6867	8984.8	380.04	290000	3497	24538	5313.5	10409	11177	7433.3	6867	8984.8	380.04
O43837	2138.6	12223	2295.8	4663.4	5133.8	3554.6	5218.5	2848.1	4424.7	631.7	2138.6	12223	2295.8	4663.4	5133.8	3554.6	5218.5	2848.1	4424.7	631.7
O76064	0	0	0	0	0	0	0	0	0	0	0	0	0	0	0	0	0	0	0	0
O94875	3354.6	6079.7	4475.9	7638	5841.9	3817	11580	15069	18084	3814.7	3354.6	6079.7	4475.9	7638	5841.9	3817	11580	15069	18084	3814.7
O94973;O95782	0	0	0	0	0	0	0	0	0	0	0	0	0	0	0	0	0	0	0	0
P00338	0	0	0	0	0	0	0	0	0	0	0	0	0	0	0	0	0	0	0	0
P00505	0	0	0	0	0	0	0	0	0	0	0	0	0	0	0	0	0	0	0	0
P07205;P00558	1590	766.75	1879.9	1823.2	2848.3	1218.2	2910	1875.2	2459.7	1819.9	1590	766.75	1879.9	1823.2	2848.3	1218.2	2910	1875.2	2459.7	1819.9
P02545	17905	12655	18210	10346	13154	10151	23021	13388	14488	7766.7	17905	12655	18210	10346	13154	10151	23021	13388	14488	7766.7
P02751	0	0	0	0	0	0	0	0	0	0	0	0	0	0	0	0	0	0	0	0
P04075	6587.1	4506.1	8753.1	6214.3	5050.8	3327.5	5747.1	5764.3	7777.3	3671.6	6587.1	4506.1	8753.1	6214.3	5050.8	3327.5	5747.1	5764.3	7777.3	3671.6
P04083	6349.2	6117.6	8110.9	11742	11707	11566	30371	24133	25056	4078.1	6349.2	6117.6	8110.9	11742	11707	11566	30371	24133	25056	4078.1
Q99878;Q96KK5;Q9BTM1;Q16777;Q93077;Q7L7L0;Q6FI13;P20671;P0C0S8;P04908;Q8IUE6;Q96QV6;P16104;REV__Q8NB25	306720	163760	321350	347660	377140	210630	238820	256280	254480	49902	306720	163760	321350	347660	377140	210630	238820	256280	254480	49902
P05141	2165.3	1380.2	1766.4	1417	1534.2	953.16	3683.7	2282.1	2086.5	2158.8	2165.3	1380.2	1766.4	1417	1534.2	953.16	3683.7	2282.1	2086.5	2158.8
P05387	7619.2	4293	9133.6	6135.7	5817.1	4240.4	9898	12503	13125	812.43	7619.2	4293	9133.6	6135.7	5817.1	4240.4	9898	12503	13125	812.43
Q8NHW5;P05388	9233.3	7675	10727	10535	9926.8	7035.1	16521	15217	17750	3827.3	9233.3	7675	10727	10535	9926.8	7035.1	16521	15217	17750	3827.3
P06576	4660.7	2949	5453.5	6211.3	10787	5207.8	12363	9378.7	9591.1	2246.9	4660.7	2949	5453.5	6211.3	10787	5207.8	12363	9378.7	9591.1	2246.9
P06703	2758.9	1914.1	3436.6	2080.9	3071.7	1496.6	4724.1	4886.6	5786.7	2185.8	2758.9	1914.1	3436.6	2080.9	3071.7	1496.6	4724.1	4886.6	5786.7	2185.8
P06733;P13929	10314	5337.2	8244.6	7994.1	7731.6	5877.9	8749.9	8110.2	7547.3	6512.9	10314	5337.2	8244.6	7994.1	7731.6	5877.9	8749.9	8110.2	7547.3	6512.9
P06748	14371	9641.7	15804	12813	13893	7202.2	21366	20537	23161	15521	14371	9641.7	15804	12813	13893	7202.2	21366	20537	23161	15521
P07237	8203.8	4908.3	7643.1	8450.1	7857.3	8215	17272	15176	19015	1132.9	8203.8	4908.3	7643.1	8450.1	7857.3	8215	17272	15176	19015	1132.9
P07355;A6NMY6	4873	4606.2	10997	5937.1	15252	6041.9	14740	7531.3	8402.6	2912.1	4873	4606.2	10997	5937.1	15252	6041.9	14740	7531.3	8402.6	2912.1
P07437;Q9BVA1;Q13885;Q13509	43573	26257	50364	51226	44642	31177	75233	77082	64210	14815	43573	26257	50364	51226	44642	31177	75233	77082	64210	14815
P07814	0	0	0	0	0	0	0	0	0	0	0	0	0	0	0	0	0	0	0	0
P07900;Q14568;Q58FF6	1099.3	667.57	1043.3	1431.2	830.66	970.1	1589.2	1242	2391.5	447.65	1099.3	667.57	1043.3	1431.2	830.66	970.1	1589.2	1242	2391.5	447.65
P08238;Q58FF8;Q58FF7	69939	84692	129880	78902	76376	41417	121950	122430	153530	80223	69939	84692	129880	78902	76376	41417	121950	122430	153530	80223
P08670;P41219;P17661;Q16352;P07196;P07197;P12036	95460	62007	86926	66402	57117	57018	214120	278340	205650	34440	95460	62007	86926	66402	57117	57018	214120	278340	205650	34440
P08708	5665	3139.4	6309.3	3888.4	6093.4	3085.7	6144	7279.2	5773.1	3468	5665	3139.4	6309.3	3888.4	6093.4	3085.7	6144	7279.2	5773.1	3468
P08758	13559	10160	12978	12136	9280.4	6607.1	13915	17944	14717	4309	13559	10160	12978	12136	9280.4	6607.1	13915	17944	14717	4309
P08865	4308.6	5172.1	5817.3	4630.9	7116.9	3819.4	14289	4902.6	5648	1007.8	4308.6	5172.1	5817.3	4630.9	7116.9	3819.4	14289	4902.6	5648	1007.8
P09104	0	0	0	0	0	0	0	0	0	0	0	0	0	0	0	0	0	0	0	0
P09382	21897	18084	18541	20995	27039	27910	43266	72509	56266	20379	21897	18084	18541	20995	27039	27910	43266	72509	56266	20379
P09493;CON__Q3SX28;P07951;P06753	7733.3	5371.6	7977.4	10483	8225.5	6748.8	19701	17804	17880	2841.4	7733.3	5371.6	7977.4	10483	8225.5	6748.8	19701	17804	17880	2841.4
Q32P51;P09651	3038.4	2968.3	7717.5	3250.3	13046	2059.9	6869.7	3236.6	3506.3	850.39	3038.4	2968.3	7717.5	3250.3	13046	2059.9	6869.7	3236.6	3506.3	850.39
P09972	0	0	0	0	0	0	0	0	0	0	0	0	0	0	0	0	0	0	0	0
Q71UI9;P0C0S5	2265	2271.4	2492.8	3727.7	9167.7	2972.5	60780	2783.7	3947	1249.7	2265	2271.4	2492.8	3727.7	9167.7	2972.5	60780	2783.7	3947	1249.7
P0C7U0	4913.6	2794.8	3543.8	2175.7	1988.9	1311.9	2291.9	2424	3118.9	0	4913.6	2794.8	3543.8	2175.7	1988.9	1311.9	2291.9	2424	3118.9	0
P62987;P62979;P0CG47;P0CG48	2877.8	1718.2	3529.6	3103.4	3110.4	2739.1	4089.6	3799	4555.9	1294.7	2877.8	1718.2	3529.6	3103.4	3110.4	2739.1	4089.6	3799	4555.9	1294.7
Q01105;P0DME0	12395	5392.9	13126	6281.1	8775.2	4446.2	11859	9512.9	11709	2353.7	12395	5392.9	13126	6281.1	8775.2	4446.2	11859	9512.9	11709	2353.7
P0DP25;P0DP24;P0DP23	27347	15263	28870	26044	23483	19901	30288	52466	39498	3099.5	27347	15263	28870	26044	23483	19901	30288	52466	39498	3099.5
P10412;P22492;P16403;Q02539;P16402	62901	49318	71010	75631	78575	34875	78628	69036	77915	6859.6	62901	49318	71010	75631	78575	34875	78628	69036	77915	6859.6
P10809	11553	6551.8	11949	10510	12671	8998.2	23363	16290	20686	7999.5	11553	6551.8	11949	10510	12671	8998.2	23363	16290	20686	7999.5
P11021	29737	13314	25169	17851	23707	17578	44377	37174	41989	9850.1	29737	13314	25169	17851	23707	17578	44377	37174	41989	9850.1
P11142;P54652;P34931;P17066;P48741;P0DMV9;P0DMV8	104970	61366	118710	99567	89178	59328	146220	140920	136690	21056	104970	61366	118710	99567	89178	59328	146220	140920	136690	21056
P11940;Q13310	560.5	450.62	804.08	1107.8	1042.9	531	3192.8	1255.4	1678	380.44	560.5	450.62	804.08	1107.8	1042.9	531	3192.8	1255.4	1678	380.44
P12004	3008	2028.9	2681.5	2635.9	2953.1	2141.1	3900.3	3021.3	4023.6	392.46	3008	2028.9	2681.5	2635.9	2953.1	2141.1	3900.3	3021.3	4023.6	392.46
P12235;P12236;Q9H0C2	19859	11005	13461	11330	13532	5919	23977	27043	17139	4696	19859	11005	13461	11330	13532	5919	23977	27043	17139	4696
P12268	0	0	0	0	0	0	0	0	0	0	0	0	0	0	0	0	0	0	0	0
REV__Q6ZW33;P12429	0	0	0	0	0	0	0	0	0	0	0	0	0	0	0	0	0	0	0	0
P12814	2381.2	3649.5	2768.5	3010.9	6619.8	2023.3	11445	5852	5486.3	1536.5	2381.2	3649.5	2768.5	3010.9	6619.8	2023.3	11445	5852	5486.3	1536.5
P13639	16955	16042	21812	18692	22838	13184	41211	32480	34602	4680.8	16955	16042	21812	18692	22838	13184	41211	32480	34602	4680.8
P13667	5934.9	10735	22894	7281.4	8883.1	6190.2	12461	11513	9428.8	4918	5934.9	10735	22894	7281.4	8883.1	6190.2	12461	11513	9428.8	4918
P13796	5933.7	4427.5	6817.3	3083.3	4607	2710.4	4859.5	2992	2833	872.01	5933.7	4427.5	6817.3	3083.3	4607	2710.4	4859.5	2992	2833	872.01
P14618;P30613	85463	58131	140970	57794	62220	46167	72551	66817	66192	19788	85463	58131	140970	57794	62220	46167	72551	66817	66192	19788
P14625;Q58FF3	15076	8283.7	15749	15332	12545	11342	33667	22467	23361	14165	15076	8283.7	15749	15332	12545	11342	33667	22467	23361	14165
P63000;P15153	4210.2	2027	3527.7	2131.8	3371.9	1761.9	3920.5	4455.5	3603.1	1287.5	4210.2	2027	3527.7	2131.8	3371.9	1761.9	3920.5	4455.5	3603.1	1287.5
P26038;P35241;P15311	16898	8631.4	16280	16581	16216	14121	29010	42157	39174	5240.5	16898	8631.4	16280	16581	16216	14121	29010	42157	39174	5240.5
P22392;P15531	18865	10931	19716	23817	12611	11827	32239	42162	42470	24020	18865	10931	19716	23817	12611	11827	32239	42162	42470	24020
P15880	8401.5	5721.7	8264.8	7373.4	6653.5	4270.1	13284	15160	13152	1573.8	8401.5	5721.7	8264.8	7373.4	6653.5	4270.1	13284	15160	13152	1573.8
P15924	1251.8	1489	2278.7	2243.1	2033.5	1803.6	1844.1	1806	2035.4	0	1251.8	1489	2278.7	2243.1	2033.5	1803.6	1844.1	1806	2035.4	0
P67809;Q9Y2T7;P16989	1452.5	811.24	920.33	921.32	1001.4	817.13	1738.4	1396.7	2218.2	593.86	1452.5	811.24	920.33	921.32	1001.4	817.13	1738.4	1396.7	2218.2	593.86
P17020	4456.2	2331.3	5151.4	4796.4	6668.2	4959.2	6401	4004.9	38891	563.22	4456.2	2331.3	5151.4	4796.4	6668.2	4959.2	6401	4004.9	38891	563.22
P17213	30302	27632	28599	28483	19605	18604	23571	29612	29477	944.74	30302	27632	28599	28483	19605	18604	23571	29612	29477	944.74
P17858	1442.3	787.22	2183.2	2193.5	3703.9	1822.2	3449.2	1439.2	2831.6	1413.9	1442.3	787.22	2183.2	2193.5	3703.9	1822.2	3449.2	1439.2	2831.6	1413.9
P17987	5450.1	2278.1	5750.4	4704.7	4627.8	2705	6859.6	7966.5	6693.2	2140.3	5450.1	2278.1	5750.4	4704.7	4627.8	2705	6859.6	7966.5	6693.2	2140.3
P18077	0	0	0	0	0	0	0	0	0	0	0	0	0	0	0	0	0	0	0	0
P18124	0	0	0	0	0	0	0	0	0	0	0	0	0	0	0	0	0	0	0	0
P19338;P24864	30520	17705	36460	22639	18868	18205	41141	33094	38031	5256.2	30520	17705	36460	22639	18868	18205	41141	33094	38031	5256.2
P21333	3436.6	4684.1	4675	5080.1	7236.9	4028.4	10620	7932.7	11387	1640.9	3436.6	4684.1	4675	5080.1	7236.9	4028.4	10620	7932.7	11387	1640.9
Q9Y277;P21796;P45880	11795	7578.7	10145	10969	14821	10168	17362	19568	18046	32858	11795	7578.7	10145	10969	14821	10168	17362	19568	18046	32858
P22087	0	0	0	0	0	0	0	0	0	0	0	0	0	0	0	0	0	0	0	0
P22626	10936	8064.3	11411	11541	9838.3	7009.9	12158	13772	13490	8551.3	10936	8064.3	11411	11541	9838.3	7009.9	12158	13772	13490	8551.3
P23470	4783.4	4304.6	2878.1	1701.5	2176.9	1269	2805.8	1057.2	1951.1	652.35	4783.4	4304.6	2878.1	1701.5	2176.9	1269	2805.8	1057.2	1951.1	652.35
P23528	13491	7136.5	11700	10811	11101	8618.2	29377	27376	26863	3965.9	13491	7136.5	11700	10811	11101	8618.2	29377	27376	26863	3965.9
P24534	2077.2	1604.1	2969.9	3295.1	2529	2008.2	6037.2	3815.2	5013.3	2140.9	2077.2	1604.1	2969.9	3295.1	2529	2008.2	6037.2	3815.2	5013.3	2140.9
P25705;REV__O00522;REV__Q9Y5A7	16025	11466	14172	16950	19122	13350	19171	23266	18767	17512	16025	11466	14172	16950	19122	13350	19171	23266	18767	17512
P26447	12585	13200	13436	4691.4	5755.9	2794	4279.9	9798	6197.4	3684.8	12585	13200	13436	4691.4	5755.9	2794	4279.9	9798	6197.4	3684.8
P26641	4205.8	2493.4	4694.5	3927.3	5363.8	2958.1	8473.6	6952.9	7116.1	3416.4	4205.8	2493.4	4694.5	3927.3	5363.8	2958.1	8473.6	6952.9	7116.1	3416.4
P27348	1385.8	1778.9	2972.2	4754.5	3303.9	2450.1	4207.4	5734.7	3625.3	909.63	1385.8	1778.9	2972.2	4754.5	3303.9	2450.1	4207.4	5734.7	3625.3	909.63
P29692	2175.5	1015.7	1234	2186.9	2334.9	1963.3	4002.5	2956.9	5255.7	686.47	2175.5	1015.7	1234	2186.9	2334.9	1963.3	4002.5	2956.9	5255.7	686.47
P30050	2797.6	3344.2	3868.3	2918.2	5846.7	2792.3	5855.3	3932.7	5774.2	1089.5	2797.6	3344.2	3868.3	2918.2	5846.7	2792.3	5855.3	3932.7	5774.2	1089.5
P30101	3270.8	1457.7	2724.6	2096.4	1902.1	1573.2	3558.6	3712	3261.1	5108.4	3270.8	1457.7	2724.6	2096.4	1902.1	1573.2	3558.6	3712	3261.1	5108.4
P31152	6334.8	33497	13473	1710.7	10311	1029.6	7679.9	929.11	2637.2	506.38	6334.8	33497	13473	1710.7	10311	1029.6	7679.9	929.11	2637.2	506.38
P31943;P55795	4471.9	3502.8	5243.5	5304.5	4983.3	4963.7	5317.7	7180.7	6498.5	3649.1	4471.9	3502.8	5243.5	5304.5	4983.3	4963.7	5317.7	7180.7	6498.5	3649.1
P31948	2979.4	2636.2	2833	4002.8	4721.8	3324.1	4622.8	4740.5	4187.8	781.87	2979.4	2636.2	2833	4002.8	4721.8	3324.1	4622.8	4740.5	4187.8	781.87
P31949	6861.8	5097.9	10841	11598	9864.9	8858.9	19987	27239	24917	2232.7	6861.8	5097.9	10841	11598	9864.9	8858.9	19987	27239	24917	2232.7
P32969	3152.2	3236.1	4111.6	3271.7	4822.7	4023.3	12981	31671	10813	3165.9	3152.2	3236.1	4111.6	3271.7	4822.7	4023.3	12981	31671	10813	3165.9
P33991	1252.5	2134.2	1891.9	1629.1	1967.2	1343.2	2032.6	1290.3	1614.2	708.79	1252.5	2134.2	1891.9	1629.1	1967.2	1343.2	2032.6	1290.3	1614.2	708.79
P34897	2516.8	1383.4	2001.8	1799.5	2354.1	1371.1	5085.3	4507	4502.3	583.49	2516.8	1383.4	2001.8	1799.5	2354.1	1371.1	5085.3	4507	4502.3	583.49
P35579;P35749	45143	34078	52709	66905	51982	50501	123970	165150	162860	13835	45143	34078	52709	66905	51982	50501	123970	165150	162860	13835
P35580	0	0	0	0	0	0	0	0	0	0	0	0	0	0	0	0	0	0	0	0
P35637;Q92804	11476	4552.1	10295	7466.4	7493.1	5815.8	9018.4	8751.6	13534	1720	11476	4552.1	10295	7466.4	7493.1	5815.8	9018.4	8751.6	13534	1720
P36578	8172.1	4819.1	9424	8006.7	8112.8	5171.8	12191	13308	12904	2219.1	8172.1	4819.1	9424	8006.7	8112.8	5171.8	12191	13308	12904	2219.1
P38646	6783.7	3463.7	5332.2	4793.2	7116.6	3559.7	11848	8985.3	10143	2411.3	6783.7	3463.7	5332.2	4793.2	7116.6	3559.7	11848	8985.3	10143	2411.3
P39019	11902	18495	15090	13436	13259	10450	23007	24035	16005	7607.4	11902	18495	15090	13436	13259	10450	23007	24035	16005	7607.4
P39023	3796.7	2840.7	5546.1	4413.7	2742.3	2391.5	6396	6005.1	5760.2	4480.1	3796.7	2840.7	5546.1	4413.7	2742.3	2391.5	6396	6005.1	5760.2	4480.1
P40227	0	0	0	0	0	0	0	0	0	0	0	0	0	0	0	0	0	0	0	0
P40926	4486.1	4162.1	5111.2	6605.2	14521	3693.9	8121.5	6540.3	8270.3	8270.4	4486.1	4162.1	5111.2	6605.2	14521	3693.9	8121.5	6540.3	8270.3	8270.4
P43026	0	0	0	0	0	0	0	0	0	0	0	0	0	0	0	0	0	0	0	0
P43686	0	0	0	0	0	0	0	0	0	0	0	0	0	0	0	0	0	0	0	0
P45973	0	0	0	0	0	0	0	0	0	0	0	0	0	0	0	0	0	0	0	0
P46776	0	0	0	0	0	0	0	0	0	0	0	0	0	0	0	0	0	0	0	0
P46781	10357	6368.1	11478	11847	5872.1	3479.6	13936	15926	16476	1328.9	10357	6368.1	11478	11847	5872.1	3479.6	13936	15926	16476	1328.9
P46782	1905.5	2664.2	3080.6	2502.1	3293.6	1574.6	5271.2	4960.2	5010.9	655.99	1905.5	2664.2	3080.6	2502.1	3293.6	1574.6	5271.2	4960.2	5010.9	655.99
P49368	0	0	0	0	0	0	0	0	0	0	0	0	0	0	0	0	0	0	0	0
P49720	1306	2386	1889.1	1418.8	2859.3	1222.6	2726.9	1719.3	1613.5	991.96	1306	2386	1889.1	1418.8	2859.3	1222.6	2726.9	1719.3	1613.5	991.96
P49721	0	0	0	0	0	0	0	0	0	0	0	0	0	0	0	0	0	0	0	0
P50454	5544.8	4116.6	5623.8	9733.6	11689	11498	22583	19284	21359	9679.7	5544.8	4116.6	5623.8	9733.6	11689	11498	22583	19284	21359	9679.7
Q8IZP2;Q8NFI4;P50502	2316.9	2774	2604.6	3944.3	4524.5	2509.3	4600.5	6098.6	6202	1542	2316.9	2774	2604.6	3944.3	4524.5	2509.3	4600.5	6098.6	6202	1542
P50914	0	0	0	0	0	0	0	0	0	0	0	0	0	0	0	0	0	0	0	0
P50990	4386.8	2713.5	5033.9	5729.1	5050.5	2108.9	5931.6	5946	5933.1	1500.5	4386.8	2713.5	5033.9	5729.1	5050.5	2108.9	5931.6	5946	5933.1	1500.5
P52209	1422.5	1070.8	1982.3	1988.5	1333.4	757.57	2144.4	1402.7	1826.7	347.41	1422.5	1070.8	1982.3	1988.5	1333.4	757.57	2144.4	1402.7	1826.7	347.41
P52597	17513	9629.7	16500	15711	15530	9567.4	17469	17846	16214	14991	17513	9629.7	16500	15711	15530	9567.4	17469	17846	16214	14991
P53999	0	0	0	0	0	0	0	0	0	0	0	0	0	0	0	0	0	0	0	0
P54136	3345.4	2067.2	3468.1	2986.8	2622.5	1743.6	5510.3	6252.1	7830.3	528.73	3345.4	2067.2	3468.1	2986.8	2622.5	1743.6	5510.3	6252.1	7830.3	528.73
P55072	0	0	0	0	0	0	0	0	0	0	0	0	0	0	0	0	0	0	0	0
Q99733;P55209	1583.6	1958.1	3420.9	2164.5	3406.6	1282.6	3228.4	2681.8	2243.6	1578.9	1583.6	1958.1	3420.9	2164.5	3406.6	1282.6	3228.4	2681.8	2243.6	1578.9
P60174	7158.8	4368.5	7837.8	10459	11279	7715.6	13371	12594	13396	5382.4	7158.8	4368.5	7837.8	10459	11279	7715.6	13371	12594	13396	5382.4
P60660	2673.7	1496.2	2253.2	2492	2197.9	2023.8	3741.3	6042	6788.8	2398.6	2673.7	1496.2	2253.2	2492	2197.9	2023.8	3741.3	6042	6788.8	2398.6
P63261;P60709;Q6S8J3;A5A3E0;Q562R1;P0CG38;Q9BYX7;P0CG39	58937	37336	59456	80203	56406	40711	111090	132790	110030	76672	58937	37336	59456	80203	56406	40711	111090	132790	110030	76672
P60842;Q14240;P38919	13751	8032.8	15052	11298	14391	9624.6	22522	18108	18118	2575.8	13751	8032.8	15052	11298	14391	9624.6	22522	18108	18118	2575.8
P60866	1293.4	1964.1	2492.2	1478.1	1831	893.25	3006.7	2332.5	2210.9	1076.9	1293.4	1964.1	2492.2	1478.1	1831	893.25	3006.7	2332.5	2210.9	1076.9
P60900	0	0	0	0	0	0	0	0	0	0	0	0	0	0	0	0	0	0	0	0
P84085;P84077;P61204;P18085	6225.7	3912.2	5626.6	6315.6	5915	5358.3	8383.2	11358	7856.4	2558.5	6225.7	3912.2	5626.6	6315.6	5915	5358.3	8383.2	11358	7856.4	2558.5
P61247	21305	13918	24374	23427	22924	15231	32372	34186	30426	13495	21305	13918	24374	23427	22924	15231	32372	34186	30426	13495
P61313	5425	4182.7	7651.8	9062.7	7262.1	4014.8	9313.2	11439	10296	3078.7	5425	4182.7	7651.8	9062.7	7262.1	4014.8	9313.2	11439	10296	3078.7
P61353	3555.5	4236	5179.8	4114.9	5813.9	3025	7564.3	5281.4	6248.5	1896.2	3555.5	4236	5179.8	4114.9	5813.9	3025	7564.3	5281.4	6248.5	1896.2
P61513	475.37	283.17	390.87	529.93	600.6	573.71	1104.3	1260.1	1045.8	215	475.37	283.17	390.87	529.93	600.6	573.71	1104.3	1260.1	1045.8	215
P61604	15717	10270	14082	13315	11625	11992	19789	21299	20583	4217.8	15717	10270	14082	13315	11625	11992	19789	21299	20583	4217.8
P61956	3491.2	2117.3	4430.7	4751.1	6308.3	3658.7	5642.1	4519.4	6237.2	2863.4	3491.2	2117.3	4430.7	4751.1	6308.3	3658.7	5642.1	4519.4	6237.2	2863.4
P61978	0	0	0	0	0	0	0	0	0	0	0	0	0	0	0	0	0	0	0	0
P62081	1803.5	1566	3479.3	1953.4	3260.7	1532	4412.1	3252.9	3335.5	471.48	1803.5	1566	3479.3	1953.4	3260.7	1532	4412.1	3252.9	3335.5	471.48
P62241	13694	10229	16052	10511	13462	9817	19263	19120	19322	7172.3	13694	10229	16052	10511	13462	9817	19263	19120	19322	7172.3
P62249	4214.2	2800.4	5753.9	4027.4	4469.2	2992.9	5520.9	6527.3	5601.2	1047.7	4214.2	2800.4	5753.9	4027.4	4469.2	2992.9	5520.9	6527.3	5601.2	1047.7
P62258	1193.5	1001.4	1739.1	2968.4	2265.5	1195.5	3535.9	3352.6	2473.3	0	1193.5	1001.4	1739.1	2968.4	2265.5	1195.5	3535.9	3352.6	2473.3	0
P62263	1090.4	0	787.22	567.1	761.37	309.01	1057.7	1078.9	672.31	0	1090.4	0	787.22	567.1	761.37	309.01	1057.7	1078.9	672.31	0
P62266	10544	7622.8	13135	16407	14976	10668	18121	16890	18711	10237	10544	7622.8	13135	16407	14976	10668	18121	16890	18711	10237
P62269	18140	14088	19457	16319	17390	11072	28224	29274	30448	4251.2	18140	14088	19457	16319	17390	11072	28224	29274	30448	4251.2
P62273	0	0	0	0	0	0	0	0	0	0	0	0	0	0	0	0	0	0	0	0
P62277	0	0	0	0	0	0	0	0	0	0	0	0	0	0	0	0	0	0	0	0
P62424	2684.1	1393.8	2816.6	2003	2671.7	1654.3	3862.2	5370.9	4130.3	3125	2684.1	1393.8	2816.6	2003	2671.7	1654.3	3862.2	5370.9	4130.3	3125
P62701;Q8TD47;P22090	21748	16056	27984	21433	21801	16867	35350	36682	35256	7218.3	21748	16056	27984	21433	21801	16867	35350	36682	35256	7218.3
P63267;P68133;P68032;P62736	3070	1880.3	3018.2	3125.9	2307.4	1285.7	6697.9	7420.4	14597	1065.4	3070	1880.3	3018.2	3125.9	2307.4	1285.7	6697.9	7420.4	14597	1065.4
P62750	11300	6407	15090	10055	16751	7080.9	27277	14972	14052	3838	11300	6407	15090	10055	16751	7080.9	27277	14972	14052	3838
P62753	0	0	0	0	0	0	0	0	0	0	0	0	0	0	0	0	0	0	0	0
P62805	119720	75808	134790	147160	150500	94953	120780	125650	117780	17725	119720	75808	134790	147160	150500	94953	120780	125650	117780	17725
P62826	12109	18148	20350	15973	15880	11788	65712	15961	47107	5695.9	12109	18148	20350	15973	15880	11788	65712	15961	47107	5695.9
P62829	5635	3560.1	6132.9	5708	5199.4	3578.3	10008	9444.1	7618.5	5392.4	5635	3560.1	6132.9	5708	5199.4	3578.3	10008	9444.1	7618.5	5392.4
P62847	8647.6	4409	11240	7938.7	7583.1	5108.7	13256	13358	10988	691.82	8647.6	4409	11240	7938.7	7583.1	5108.7	13256	13358	10988	691.82
P62851	6566.4	7180.4	7869.7	4636.5	6169.9	3681.5	13212	10590	8896.8	1134.7	6566.4	7180.4	7869.7	4636.5	6169.9	3681.5	13212	10590	8896.8	1134.7
P62854	6726.2	4770.8	5530.1	5465.2	7777	4013.7	8649.3	9074.4	7983.2	1539.8	6726.2	4770.8	5530.1	5465.2	7777	4013.7	8649.3	9074.4	7983.2	1539.8
P62857	11981	7015	12172	11055	8056.5	6209.3	14432	16077	13926	3277.9	11981	7015	12172	11055	8056.5	6209.3	14432	16077	13926	3277.9
P62861	5035	3775.6	6496	4542.6	7001.8	2920.1	9485.5	7469	7544.6	1297.8	5035	3775.6	6496	4542.6	7001.8	2920.1	9485.5	7469	7544.6	1297.8
P62899	4838	3031.3	5460.7	3981.4	5637.5	6085	9429	7370.6	7573.7	1478.1	4838	3031.3	5460.7	3981.4	5637.5	6085	9429	7370.6	7573.7	1478.1
P62906	8030.3	5547.6	9670.5	6784	6099.6	5031.6	13296	16305	17267	2305.7	8030.3	5547.6	9670.5	6784	6099.6	5031.6	13296	16305	17267	2305.7
P62910	0	0	0	0	0	0	0	0	0	0	0	0	0	0	0	0	0	0	0	0
P62913	9151.6	5487.8	6678.7	5800	6994.4	5205.2	11190	9209.3	9968.6	964.23	9151.6	5487.8	6678.7	5800	6994.4	5205.2	11190	9209.3	9968.6	964.23
P62917	5855	12891	5989.4	7387.8	5177.5	3916.9	8892	9443.9	9422.2	3318.6	5855	12891	5989.4	7387.8	5177.5	3916.9	8892	9443.9	9422.2	3318.6
P62937;P0DN26;A0A0B4J2A2;A0A075B767;A0A075B759;Q9Y536;F5H284	64339	36889	65766	78369	68881	51355	89301	120670	105000	10233	64339	36889	65766	78369	68881	51355	89301	120670	105000	10233
P63104;Q04917;P31946;P61981	65527	35000	69269	91023	70645	61273	100940	136110	130130	4463.5	65527	35000	69269	91023	70645	61273	100940	136110	130130	4463.5
P63220	478.21	0	647.06	523.94	816.82	582.05	568.37	980.41	454.15	0	478.21	0	647.06	523.94	816.82	582.05	568.37	980.41	454.15	0
P63241;Q9GZV4;Q6IS14	3561.7	3204	5324.8	4009.5	4288	2769	20960	11743	5664.9	827.89	3561.7	3204	5324.8	4009.5	4288	2769	20960	11743	5664.9	827.89
P63244	3406.7	7233.2	4834.8	4369.4	7255.5	5093.9	7458.2	4705.2	15232	1799.3	3406.7	7233.2	4834.8	4369.4	7255.5	5093.9	7458.2	4705.2	15232	1799.3
P67936	0	0	0	0	0	0	0	0	0	0	0	0	0	0	0	0	0	0	0	0
P68104;Q5VTE0;Q05639	41159	31679	59052	37967	31701	22598	74184	61344	70773	13993	41159	31679	59052	37967	31701	22598	74184	61344	70773	13993
Q9BQE3;Q71U36;P68363;P0DPH8;P0DPH7;Q6PEY2;P68366;Q9NY65	56074	33625	62280	73762	57325	42827	99053	99723	91946	14519	56074	33625	62280	73762	57325	42827	99053	99723	91946	14519
P68371;P04350;Q3ZCM7;CON__ENSEMBL:ENSBTAP00000025008;A6NNZ2;Q9BUF5;Q9H4B7	2776.1	1340	2629.1	3122.8	2488.3	2454.9	4622	5466.1	5510.4	2334.2	2776.1	1340	2629.1	3122.8	2488.3	2454.9	4622	5466.1	5510.4	2334.2
Q71DI3;Q16695;P84243;P68431;Q6NXT2	96454	55834	102330	126760	112280	66919	91999	86976	85698	33225	96454	55834	102330	126760	112280	66919	91999	86976	85698	33225
P78371	2719.8	1948.8	4201.8	2898.8	4074.8	2278	5741	4341.6	3548.2	320.48	2719.8	1948.8	4201.8	2898.8	4074.8	2278	5741	4341.6	3548.2	320.48
P83731	20919	15107	23102	17559	17505	12390	29786	30954	29728	4241.3	20919	15107	23102	17559	17505	12390	29786	30954	29728	4241.3
P84098	0	0	0	0	0	0	0	0	0	0	0	0	0	0	0	0	0	0	0	0
Q00325	5741	4277	5788.2	7874.2	7097	4791.8	11073	16459	15025	2377.3	5741	4277	5788.2	7874.2	7097	4791.8	11073	16459	15025	2377.3
Q00610;P53675	5003.4	3537.4	7262.6	6349.1	5030.6	5607.9	13209	11733	13160	3797.4	5003.4	3537.4	7262.6	6349.1	5030.6	5607.9	13209	11733	13160	3797.4
Q00839	3030	5386.1	3417.5	2651.5	5919.9	2556.5	8172.5	3256.2	4877.4	928.07	3030	5386.1	3417.5	2651.5	5919.9	2556.5	8172.5	3256.2	4877.4	928.07
Q02878	0	0	0	0	0	0	0	0	0	0	0	0	0	0	0	0	0	0	0	0
Q02930	0	0	0	0	0	0	0	0	0	0	0	0	0	0	0	0	0	0	0	0
Q06830;Q13162	11998	8313.5	21069	18006	10225	11546	16596	18134	18123	6831.1	11998	8313.5	21069	18006	10225	11546	16596	18134	18123	6831.1
Q07020	0	0	0	0	0	0	0	0	0	0	0	0	0	0	0	0	0	0	0	0
Q16576;Q09028	4280.7	1660.1	5079.5	4036.9	3971.5	2494.6	5146.2	4087.1	5995.4	2037.1	4280.7	1660.1	5079.5	4036.9	3971.5	2494.6	5146.2	4087.1	5995.4	2037.1
Q09666	11650	9330.5	13503	10421	10006	7428.9	25304	26257	21193	5676.9	11650	9330.5	13503	10421	10006	7428.9	25304	26257	21193	5676.9
Q14974	0	0	0	0	0	0	0	0	0	0	0	0	0	0	0	0	0	0	0	0
Q15084	0	0	0	0	0	0	0	0	0	0	0	0	0	0	0	0	0	0	0	0
Q15303	0	0	0	0	0	0	0	0	0	0	0	0	0	0	0	0	0	0	0	0
Q15366	1153.8	1049.6	985.32	1275.3	1797.4	971.11	2620	2286.4	1352	610.8	1153.8	1049.6	985.32	1275.3	1797.4	971.11	2620	2286.4	1352	610.8
Q15370	0	0	0	0	0	0	0	0	0	0	0	0	0	0	0	0	0	0	0	0
Q16658	7227.2	4261.9	6099.9	5764.1	5245.9	3577.5	13391	13636	10858	1025.6	7227.2	4261.9	6099.9	5764.1	5245.9	3577.5	13391	13636	10858	1025.6
Q495C1	246560	225960	180960	147460	138340	116650	123200	142020	149380	5402.1	246560	225960	180960	147460	138340	116650	123200	142020	149380	5402.1
Q63ZY3	18392	12701	18496	9663.8	11213	9092.8	12599	13031	13508	791.31	18392	12701	18496	9663.8	11213	9092.8	12599	13031	13508	791.31
Q6PDB4	18864	9314.5	19479	13734	14069	14265	32988	30200	39881	3006.3	18864	9314.5	19479	13734	14069	14265	32988	30200	39881	3006.3
Q6ZSY5	22449	24658	20124	24996	37458	20293	31376	16043	20666	1190.5	22449	24658	20124	24996	37458	20293	31376	16043	20666	1190.5
Q9Y6E2;Q7L1Q6	0	0	0	0	0	0	0	0	0	0	0	0	0	0	0	0	0	0	0	0
Q7Z406	1353.9	1085	1189.1	2129.7	1205.9	1355.5	4871.6	5588	5587.4	742.41	1353.9	1085	1189.1	2129.7	1205.9	1355.5	4871.6	5588	5587.4	742.41
Q8IUL8	18437	18911	19307	16164	22734	18616	22549	22857	21684	1709.2	18437	18911	19307	16164	22734	18616	22549	22857	21684	1709.2
Q8N2N9	0	0	0	0	0	0	0	0	0	0	0	0	0	0	0	0	0	0	0	0
Q8N7X4	1790.6	2008.2	2443.1	1784.2	3048.6	1589.2	3756.7	2799.8	2480.9	721.17	1790.6	2008.2	2443.1	1784.2	3048.6	1589.2	3756.7	2799.8	2480.9	721.17
Q8TBA6	44030	45341	36514	30728	35848	26257	62473	58476	52795	3070.8	44030	45341	36514	30728	35848	26257	62473	58476	52795	3070.8
Q92889	701.42	299.06	3755.2	2021.5	3191.7	2071.5	1841.2	3796.6	2932	400.52	701.42	299.06	3755.2	2021.5	3191.7	2071.5	1841.2	3796.6	2932	400.52
Q96AE4;Q92945	0	0	0	0	0	0	0	0	0	0	0	0	0	0	0	0	0	0	0	0
Q96PV0	0	0	0	0	0	0	0	0	0	0	0	0	0	0	0	0	0	0	0	0
Q99729	27966	9986.3	18805	16558	15459	9572.8	23786	24765	24023	4262	27966	9986.3	18805	16558	15459	9572.8	23786	24765	24023	4262
Q99832	1982.8	1312.4	2892.1	2571	2450.6	1191.9	4076.4	4349.4	3966.1	730.14	1982.8	1312.4	2892.1	2571	2450.6	1191.9	4076.4	4349.4	3966.1	730.14
Q99880;Q99879;Q99877;Q93079;Q5QNW6;P62807;P58876;P57053;O60814;Q16778;P33778;P23527;P06899;Q8N257;Q96A08	276170	250410	299000	415510	408970	256440	727650	279520	302930	165530	276170	250410	299000	415510	408970	256440	727650	279520	302930	165530
Q9BRS2	11963	5877.7	15274	10934	8124.5	10967	24915	21795	36893	2213	11963	5877.7	15274	10934	8124.5	10967	24915	21795	36893	2213
Q9BVG3	0	0	0	0	0	0	0	0	0	0	0	0	0	0	0	0	0	0	0	0
Q9C0C2	0	0	0	0	0	0	0	0	0	0	0	0	0	0	0	0	0	0	0	0
Q9HCI5	5907.5	8097	5050.4	5646.8	4382.7	3236.9	9180.9	10281	8991.1	12807	5907.5	8097	5050.4	5646.8	4382.7	3236.9	9180.9	10281	8991.1	12807
Q9UQ80	0	0	0	0	0	0	0	0	0	0	0	0	0	0	0	0	0	0	0	0
Q9Y696	0	0	0	0	0	0	0	0	0	0	0	0	0	0	0	0	0	0	0	0
Q9Y6X6	15528	10369	11369	6951.7	6944.8	5051.7	8743.7	7642.1	9012.8	788.4	15528	10369	11369	6951.7	6944.8	5051.7	8743.7	7642.1	9012.8	788.4
REV__A6NIV6	13602	4965.5	7446.8	5307.6	3336.9	4557.9	17805	29457	19172	2212.5	13602	4965.5	7446.8	5307.6	3336.9	4557.9	17805	29457	19172	2212.5
REV__Q8NCU4	76018	71712	75529	93269	85328	87588	103840	90484	110170	5489.3	76018	71712	75529	93269	85328	87588	103840	90484	110170	5489.3
