Protein IDs	Reporter intensity corrected 1	Reporter intensity corrected 2	Reporter intensity corrected 3	Reporter intensity corrected 4	Reporter intensity corrected 5	Reporter intensity corrected 6	Reporter intensity corrected 7	Reporter intensity corrected 8	Reporter intensity corrected 9	Reporter intensity corrected 10	Reporter intensity 1	Reporter intensity 2	Reporter intensity 3	Reporter intensity 4	Reporter intensity 5	Reporter intensity 6	Reporter intensity 7	Reporter intensity 8	Reporter intensity 9	Reporter intensity 10
A6NHQ2	149.31	78.228	92.167	140.88	196.95	97.822	155.11	267.58	317.08	8966.5	149.31	78.228	92.167	140.88	196.95	97.822	155.11	267.58	317.08	8966.5
A6NIE6	1743.6	912.91	2502.1	1264.6	19144	1396.6	2920.5	163.91	3545.4	2758.2	1743.6	912.91	2502.1	1264.6	19144	1396.6	2920.5	163.91	3545.4	2758.2
P62308;A8MWD9	93.06	69.023	63.672	72.877	244.66	106.27	107.99	156.15	182.69	3730	93.06	69.023	63.672	72.877	244.66	106.27	107.99	156.15	182.69	3730
CON__O43790;CON__Q6NT21;CON__P78385;CON__Q14533;CON__P78386;O43790;P78385;P78386;A6NCN2	1249	343.72	2207.6	764.62	2419.9	2545.9	4792.9	360.48	997.98	8823.4	1249	343.72	2207.6	764.62	2419.9	2545.9	4792.9	360.48	997.98	8823.4
CON__P00761;Q9BYE2	116510	268840	133650	249580	278050	202600	230380	24732	244450	392590	116510	268840	133650	249580	278050	202600	230380	24732	244450	392590
CON__P02533;P02533;CON__Q6IFX2;CON__P19012;CON__A2A4G1;P19012;CON__Q61782;CON__Q8N1A0;CON__P35900;CON__Q9D312;Q8N1A0;P35900	18858	8738.5	26347	16069	39639	17864	64593	3590.9	28702	91254	18858	8738.5	26347	16069	39639	17864	64593	3590.9	28702	91254
CON__P02538;P02538;CON__O95678;O95678;CON__Q8VED5;CON__H-INV:HIT000292931	14537	8206	22058	20982	55613	13020	88690	3657.9	26455	97214	14537	8206	22058	20982	55613	13020	88690	3657.9	26455	97214
CON__P02768-1;P02768	1383.6	1088.9	1492.3	4378.6	2148.2	1651.9	1622.9	574.96	3651.3	15534	1383.6	1088.9	1492.3	4378.6	2148.2	1651.9	1622.9	574.96	3651.3	15534
CON__P02769	7484.7	2451.2	4423.5	3404.1	9935.4	7507.3	5366.3	2135.4	9964.9	58128	7484.7	2451.2	4423.5	3404.1	9935.4	7507.3	5366.3	2135.4	9964.9	58128
CON__P04264;CON__H-INV:HIT000016045	961.72	217.98	461.86	682.28	3327.6	363.21	2491.2	0	2482.7	386.15	961.72	217.98	461.86	682.28	3327.6	363.21	2491.2	0	2482.7	386.15
CON__P07477;P07477;Q8NHM4;P07478	1071.4	3965.5	1027.1	1753.7	3610.3	1501.6	1940.7	255.95	2872.5	2965.4	1071.4	3965.5	1027.1	1753.7	3610.3	1501.6	1940.7	255.95	2872.5	2965.4
CON__P08779;P08779;CON__Q9Z2K1;CON__Q3ZAW8	2458	1559.8	2115.5	2430.1	5810.4	1785.3	17749	690.6	3488.8	14007	2458	1559.8	2115.5	2430.1	5810.4	1785.3	17749	690.6	3488.8	14007
CON__P12763	52.742	48.656	115.61	68.663	187.45	63.583	146.32	70.856	84.539	1542.9	52.742	48.656	115.61	68.663	187.45	63.583	146.32	70.856	84.539	1542.9
P13645;CON__P13645;CON__P02535-1;CON__Q7Z3Y7;Q7Z3Y7;CON__Q148H6;CON__Q7Z3Y8;CON__P05784;Q2M2I5;CON__Q2M2I5;Q99456;CON__Q99456;Q7Z3Y8;CON__REFSEQ:XP_986630;CON__O76014;CON__Q7Z3Y9;CON__A2A5Y0;CON__O76013;CON__O76015;CON__A2AB72;Q7Z3Y9;O76015;O76014;P05783;O76013	66907	26821	86389	47331	133430	42229	69246	6690.3	246100	176580	66907	26821	86389	47331	133430	42229	69246	6690.3	246100	176580
CON__P13647;P13647;CON__P07744;CON__Q9NSB2;CON__Q6ISB0;Q9NSB2;CON__REFSEQ:XP_932229;P14136	11568	5496	23622	10893	30760	8069.3	23608	2066.9	25506	52177	11568	5496	23622	10893	30760	8069.3	23608	2066.9	25506	52177
CON__P20930;P20930	552.93	505.54	940.15	345.48	3973.2	724.07	7172.7	130.69	611.14	3285.6	552.93	505.54	940.15	345.48	3973.2	724.07	7172.7	130.69	611.14	3285.6
CON__P34955	791.76	693.59	1454.3	933.74	1237.6	751.53	1186.7	624.34	2367.3	20926	791.76	693.59	1454.3	933.74	1237.6	751.53	1186.7	624.34	2367.3	20926
CON__P35908	146.43	48.575	287.1	24.714	252.71	196.63	111.63	0	240.3	510.17	146.43	48.575	287.1	24.714	252.71	196.63	111.63	0	240.3	510.17
CON__P35908v2;P35908	82400	24446	98676	52250	111390	45858	64453	6218.9	305930	199510	82400	24446	98676	52250	111390	45858	64453	6218.9	305930	199510
CON__P48668;P48668	391.43	726.62	640.48	433.31	2540	445.45	5448.2	126.66	559.68	3563.5	391.43	726.62	640.48	433.31	2540	445.45	5448.2	126.66	559.68	3563.5
Q04695;CON__Q04695;CON__P19001	3503.5	1823.5	5829	5755.5	7049.8	4366.1	9641.5	788.38	7161.5	18550	3503.5	1823.5	5829	5755.5	7049.8	4366.1	9641.5	788.38	7161.5	18550
CON__Q14CN4-1;CON__Q6IME9;Q14CN4;CON__Q3SY84;CON__Q7RTS7;CON__Q32MB2;Q3SY84;Q7RTS7;Q86Y46	446.95	272.67	764.69	389.13	1537.8	479.7	551.69	194.54	1500.7	8061.2	446.95	272.67	764.69	389.13	1537.8	479.7	551.69	194.54	1500.7	8061.2
CON__Q6IFZ6;CON__Q9R0H5;CON__Q6NXH9	1522.1	583.22	1563.7	1247.3	3550.2	865.71	6680.9	354.6	4833.3	9364.9	1522.1	583.22	1563.7	1247.3	3550.2	865.71	6680.9	354.6	4833.3	9364.9
CON__Q7RTT2;CON__Q8N1N4-2;Q8N1N4	1454	666.28	1880.6	1128.4	3608.5	939.76	1832.9	502.7	3954.7	14538	1454	666.28	1880.6	1128.4	3608.5	939.76	1832.9	502.7	3954.7	14538
CON__Q7Z3Z0;Q7Z3Z0	363.3	634.26	581.51	519.56	1216.6	618.81	873.68	200.3	883.08	4076.3	363.3	634.26	581.51	519.56	1216.6	618.81	873.68	200.3	883.08	4076.3
CON__Q7Z794;Q7Z794	653.71	228.38	728.97	500.43	858.05	340.14	589.55	186.93	2180.7	4114.9	653.71	228.38	728.97	500.43	858.05	340.14	589.55	186.93	2180.7	4114.9
CON__Q86YZ3;Q86YZ3	177.64	118.76	486.77	522.32	828.04	138.5	1176.3	0	203.82	221.35	177.64	118.76	486.77	522.32	828.04	138.5	1176.3	0	203.82	221.35
Q13765;E9PAV3	73.214	98.692	82.724	80.319	137.55	87.509	78.117	130.9	132.32	3161.6	73.214	98.692	82.724	80.319	137.55	87.509	78.117	130.9	132.32	3161.6
O00231	72.645	39.091	70.54	92.975	60.494	55.304	60.748	43.468	128.62	1410.9	72.645	39.091	70.54	92.975	60.494	55.304	60.748	43.468	128.62	1410.9
O00299	129.63	140.65	99.945	142.32	255.1	143.16	209.58	165.7	289.87	5134.5	129.63	140.65	99.945	142.32	255.1	143.16	209.58	165.7	289.87	5134.5
O00422	113.42	0	20.505	48.53	123.64	0	82.396	83.873	46.235	1937.9	113.42	0	20.505	48.53	123.64	0	82.396	83.873	46.235	1937.9
O00483	0	0	0	0	0	0	0	0	0	0	0	0	0	0	0	0	0	0	0	0
O00571	61.731	58.212	77.493	58.21	137.28	114.77	36.032	136.69	150.41	3244.5	61.731	58.212	77.493	58.21	137.28	114.77	36.032	136.69	150.41	3244.5
O00743	46.584	55.829	68.269	92.703	136.74	77.271	84.764	140.93	217.03	5555.9	46.584	55.829	68.269	92.703	136.74	77.271	84.764	140.93	217.03	5555.9
O14733	93.586	44.178	70.96	68.119	229.6	62.729	110.95	220.85	132.98	5361.8	93.586	44.178	70.96	68.119	229.6	62.729	110.95	220.85	132.98	5361.8
O14776	211.79	84.424	237.9	180.78	369.21	324.4	363.32	496.3	524.56	16751	211.79	84.424	237.9	180.78	369.21	324.4	363.32	496.3	524.56	16751
O14787;Q92973	71.8	70.569	53.591	68.164	123.64	76.254	81.74	161.29	201.56	5855.3	71.8	70.569	53.591	68.164	123.64	76.254	81.74	161.29	201.56	5855.3
O14818;Q8TAA3	116.15	22.778	100.28	25.821	129.55	60.405	84.194	90.222	146.8	3316	116.15	22.778	100.28	25.821	129.55	60.405	84.194	90.222	146.8	3316
O14980	110.25	53.309	77.771	54.634	157.01	65.205	103.16	175.78	146.13	4424.2	110.25	53.309	77.771	54.634	157.01	65.205	103.16	175.78	146.13	4424.2
O15020	4608.7	497.84	8127.3	1969.7	11440	1722.3	3261.7	434.6	2091.2	6017.9	4608.7	497.84	8127.3	1969.7	11440	1722.3	3261.7	434.6	2091.2	6017.9
O15260	86.882	69.28	90.708	82.223	119.42	64.798	85.695	178.14	125.24	4187.3	86.882	69.28	90.708	82.223	119.42	64.798	85.695	178.14	125.24	4187.3
O15371	45.55	56.182	23.521	48.769	111.78	62.746	70.343	192.6	167.97	5615.3	45.55	56.182	23.521	48.769	111.78	62.746	70.343	192.6	167.97	5615.3
O15511	143.92	100.04	212.65	107.03	315.88	156.84	255.66	129.84	176.22	3208.3	143.92	100.04	212.65	107.03	315.88	156.84	255.66	129.84	176.22	3208.3
O43143	579.55	758.23	696.33	536.01	1560	734.8	618.58	639.01	821.12	16325	579.55	758.23	696.33	536.01	1560	734.8	618.58	639.01	821.12	16325
O43175	1272	333.8	1802	639.09	2722.6	829.02	1026.6	1017.6	1132.4	30082	1272	333.8	1802	639.09	2722.6	829.02	1026.6	1017.6	1132.4	30082
O43324	206.31	158.06	204.93	261.5	284.07	195.84	186.4	216.35	259.55	7434.2	206.31	158.06	204.93	261.5	284.07	195.84	186.4	216.35	259.55	7434.2
O43447	129.6	68.742	88.688	147.38	191.77	201.89	128.99	127.5	240.3	4276.2	129.6	68.742	88.688	147.38	191.77	201.89	128.99	127.5	240.3	4276.2
O43598	68.409	68.358	107.5	73.993	147.11	97.027	109.37	127.16	151.63	3701.8	68.409	68.358	107.5	73.993	147.11	97.027	109.37	127.16	151.63	3701.8
O43633	175.56	50.796	169.3	96.797	240	107.46	142.54	44.297	544.71	2090.5	175.56	50.796	169.3	96.797	240	107.46	142.54	44.297	544.71	2090.5
O43684	258.84	202.05	302.31	338.84	575.64	293.87	468.95	588.05	406.58	12173	258.84	202.05	302.31	338.84	575.64	293.87	468.95	588.05	406.58	12173
O43707;P12814;Q08043;P35609	226.72	204.72	177.92	289.56	384.67	198.12	259.05	209.26	453.1	6034.2	226.72	204.72	177.92	289.56	384.67	198.12	259.05	209.26	453.1	6034.2
O43809	111.09	44.607	86.189	73.188	255.52	97.397	146.16	74.211	112.7	2908.2	111.09	44.607	86.189	73.188	255.52	97.397	146.16	74.211	112.7	2908.2
O60256;Q14558	329.64	242.99	423.52	235.31	735.22	382.51	488.56	637.59	738.7	15866	329.64	242.99	423.52	235.31	735.22	382.51	488.56	637.59	738.7	15866
O60264;P28370	137.32	72.697	138.58	82.811	196.54	83.293	102.29	142.64	165.81	3799.5	137.32	72.697	138.58	82.811	196.54	83.293	102.29	142.64	165.81	3799.5
O60610	133.8	58.007	65.544	86.691	237.86	129.23	230.95	141.2	232.43	4381.6	133.8	58.007	65.544	86.691	237.86	129.23	230.95	141.2	232.43	4381.6
Q99879;Q99877;Q93079;Q5QNW6;P62807;P58876;O60814;Q99880;P57053;Q96A08	2135.8	1319.8	2150.2	2104.7	13004	2341.1	5631.2	7767.7	5061	226710	2135.8	1319.8	2150.2	2104.7	13004	2341.1	5631.2	7767.7	5061	226710
O75131;Q96FN4;Q8IYJ1;Q96A23;O95741;Q86YQ8;Q9HCH3;Q9UBL6	74.951	46.104	85.393	114.43	107.92	80.244	103.34	95.296	196.32	2691.1	74.951	46.104	85.393	114.43	107.92	80.244	103.34	95.296	196.32	2691.1
O75340	38.186	37.11	48.742	54.304	81.984	22.579	33.445	64.961	99.19	1183.3	38.186	37.11	48.742	54.304	81.984	22.579	33.445	64.961	99.19	1183.3
O75367;Q9P0M6	58.869	87.638	44.499	75.717	197.12	65.11	95.512	218.39	270.98	6130.2	58.869	87.638	44.499	75.717	197.12	65.11	95.512	218.39	270.98	6130.2
O75390	96.617	58.092	64.957	100.75	278.14	99.583	103.94	240.22	254.53	10478	96.617	58.092	64.957	100.75	278.14	99.583	103.94	240.22	254.53	10478
Q8WXF0;O75494	160.37	110.5	228.99	119.4	300.67	202.55	181.18	236.38	289.96	5996	160.37	110.5	228.99	119.4	300.67	202.55	181.18	236.38	289.96	5996
O75533	80.433	71.184	65.532	60.763	91.362	96.032	106.63	56.408	97.148	2036.7	80.433	71.184	65.532	60.763	91.362	96.032	106.63	56.408	97.148	2036.7
O75964	48.884	37.15	93.847	72.693	136.05	104.42	109.67	123.19	112.93	4725.4	48.884	37.15	93.847	72.693	136.05	104.42	109.67	123.19	112.93	4725.4
O95373	115.61	40.791	219.36	94.844	199.39	72.945	148.25	130.2	219.77	3860	115.61	40.791	219.36	94.844	199.39	72.945	148.25	130.2	219.77	3860
O95433	76.238	37.867	94.882	97.552	70.11	104.81	80.096	74.635	159.14	2688.8	76.238	37.867	94.882	97.552	70.11	104.81	80.096	74.635	159.14	2688.8
O95626;P39687	0	0	0	0	0	0	0	0	0	0	0	0	0	0	0	0	0	0	0	0
O95757;Q92598	92.632	0	90.996	68.933	112.35	55.524	71.161	63.379	92.793	1824	92.632	0	90.996	68.933	112.35	55.524	71.161	63.379	92.793	1824
O95793	138.32	71.817	126.86	79.666	148.65	124.06	196.64	152.52	206.88	3913.9	138.32	71.817	126.86	79.666	148.65	124.06	196.64	152.52	206.88	3913.9
O95831	67.851	61.605	81.767	76.329	94.04	94.264	95.711	129.91	183.45	3714.5	67.851	61.605	81.767	76.329	94.04	94.264	95.711	129.91	183.45	3714.5
O96000	97.303	73.277	60.788	64.795	154.68	61.981	92.602	137.06	129	4147.6	97.303	73.277	60.788	64.795	154.68	61.981	92.602	137.06	129	4147.6
P00338	377.09	233.4	473.91	467.53	970.39	450.76	546.6	1450	1112.3	35395	377.09	233.4	473.91	467.53	970.39	450.76	546.6	1450	1112.3	35395
Q86XF0;P00374	24.384	23.526	42.021	0	152.02	37.591	181.74	49.508	72.286	1465	24.384	23.526	42.021	0	152.02	37.591	181.74	49.508	72.286	1465
P00492	88.788	44.314	61.88	0	139.93	50.985	77.842	104.89	91.181	1759.7	88.788	44.314	61.88	0	139.93	50.985	77.842	104.89	91.181	1759.7
P00505	218.23	137.21	253.14	177.56	405.46	212.78	258.19	365.45	444.55	11099	218.23	137.21	253.14	177.56	405.46	212.78	258.19	365.45	444.55	11099
P00558;P07205	547.77	505.53	669.31	752.97	1013.2	600.39	663.58	1208.8	1701.9	37797	547.77	505.53	669.31	752.97	1013.2	600.39	663.58	1208.8	1701.9	37797
P00846	63.329	37.231	86.636	105.2	261.8	112.85	83.306	68.016	100.45	2867.8	63.329	37.231	86.636	105.2	261.8	112.85	83.306	68.016	100.45	2867.8
P00918	503.52	495.42	642.67	442.35	1037.3	564.7	906.55	1283	1482.1	36191	503.52	495.42	642.67	442.35	1037.3	564.7	906.55	1283	1482.1	36191
P01040	2782	1408.9	1595.8	4392.3	7026.5	1789.4	2484.5	414.06	4006.3	11402	2782	1408.9	1595.8	4392.3	7026.5	1789.4	2484.5	414.06	4006.3	11402
P02545	92.427	76.305	90.751	131.87	257.88	107.09	124.36	89.99	187.11	2905.5	92.427	76.305	90.751	131.87	257.88	107.09	124.36	89.99	187.11	2905.5
P04075;P05062	1907.5	1906.2	2443.4	2337.7	4231.3	1969.8	2806	4526	4702.6	117890	1907.5	1906.2	2443.4	2337.7	4231.3	1969.8	2806	4526	4702.6	117890
P04083	119.01	74.094	93.726	203.29	318.82	69.551	163.19	78.292	314.58	3153.8	119.01	74.094	93.726	203.29	318.82	69.551	163.19	78.292	314.58	3153.8
P04181	278.17	234.84	311.95	211.21	442.54	217.39	271.59	452.6	428.42	14844	278.17	234.84	311.95	211.21	442.54	217.39	271.59	452.6	428.42	14844
P04259	654.99	318.05	516.88	728.19	1322.1	442.56	4945.9	338.9	814.12	9178.1	654.99	318.05	516.88	728.19	1322.1	442.56	4945.9	338.9	814.12	9178.1
P04264	134050	44216	268100	80701	301480	74780	171410	11674	325730	276160	134050	44216	268100	80701	301480	74780	171410	11674	325730	276160
P04406;O14556	3257.8	1671	3342.1	2828.7	6583.7	2647.2	4472.8	5286.9	6409.3	135800	3257.8	1671	3342.1	2828.7	6583.7	2647.2	4472.8	5286.9	6409.3	135800
Q93077;Q7L7L0;P04908;P16104;Q8IUE6;Q96QV6;REV__Q8NB25	124.77	120.29	148.11	215.84	204.57	167.11	203.04	783.94	416.45	20824	124.77	120.29	148.11	215.84	204.57	167.11	203.04	783.94	416.45	20824
P05023;P13637;P50993	121.68	157.26	153.32	142.31	316.09	169.13	244.38	215.46	287.54	5493.9	121.68	157.26	153.32	142.31	316.09	169.13	244.38	215.46	287.54	5493.9
P05109	1347.1	754.06	830.69	1614.9	2855.7	877.89	953.24	484.86	2980.3	14070	1347.1	754.06	830.69	1614.9	2855.7	877.89	953.24	484.86	2980.3	14070
P05141;Q9H0C2	1800.8	961.93	1944.3	1498.6	3371.5	1326	2193.4	4325.9	3660.3	113340	1800.8	961.93	1944.3	1498.6	3371.5	1326	2193.4	4325.9	3660.3	113340
P05387	146.49	132.64	262.49	147.7	230.56	248.17	213.41	219.62	376.97	7153.3	146.49	132.64	262.49	147.7	230.56	248.17	213.41	219.62	376.97	7153.3
P05388;Q8NHW5	317.03	229.81	526.47	311.06	626.03	443.02	403.1	767.32	1310.2	21283	317.03	229.81	526.47	311.06	626.03	443.02	403.1	767.32	1310.2	21283
P06454	137.87	77.467	52.625	79.809	110.9	83.74	146.08	60.92	132.31	1986.5	137.87	77.467	52.625	79.809	110.9	83.74	146.08	60.92	132.31	1986.5
P06576	606.65	408.51	765.45	678.66	1131.3	656.11	1107.7	1706.3	1511.6	40918	606.65	408.51	765.45	678.66	1131.3	656.11	1107.7	1706.3	1511.6	40918
P06702	976.6	613.71	685.83	762.74	3383.9	766.38	1057.8	420.49	1458.2	11676	976.6	613.71	685.83	762.74	3383.9	766.38	1057.8	420.49	1458.2	11676
P06733;P13929;P09104	5604.2	3518.5	6405.3	4791.3	11983	5531.4	9000.4	13069	10715	362980	5604.2	3518.5	6405.3	4791.3	11983	5531.4	9000.4	13069	10715	362980
P06744;CON__Q3ZBD7	447.46	274.17	243.34	643.84	763.17	299.77	546.28	751.65	1005.5	22906	447.46	274.17	243.34	643.84	763.17	299.77	546.28	751.65	1005.5	22906
P06748	885.15	664.73	1021.4	925.99	2234.6	943.96	1553.2	2816.9	2196.9	86897	885.15	664.73	1021.4	925.99	2234.6	943.96	1553.2	2816.9	2196.9	86897
Q16778;P33778;P23527;P06899;Q8N257;Q6DRA6;Q6DN03	841.4	476.15	976.69	782.91	1515.4	1069.4	1062.6	2297.3	1847.5	61099	841.4	476.15	976.69	782.91	1515.4	1069.4	1062.6	2297.3	1847.5	61099
P07195	1029.5	638.28	1033.3	877.13	1548.4	964.48	1241.4	2061	2208.8	53647	1029.5	638.28	1033.3	877.13	1548.4	964.48	1241.4	2061	2208.8	53647
P07339	483.58	369.26	399.22	411.22	1079.2	436.42	345.07	477.52	1124	13288	483.58	369.26	399.22	411.22	1079.2	436.42	345.07	477.52	1124	13288
P07437;Q13509;A6NNZ2;Q9BUF5;CON__ENSEMBL:ENSBTAP00000025008;Q9H4B7	2426.6	1742.2	2548.4	2892.4	5859.9	2768.2	3880.9	4324.8	4537.1	116660	2426.6	1742.2	2548.4	2892.4	5859.9	2768.2	3880.9	4324.8	4537.1	116660
P07737;CON__P02584	417.51	295.36	562.49	585.57	917.82	613.68	767.35	1824.8	1214	46859	417.51	295.36	562.49	585.57	917.82	613.68	767.35	1824.8	1214	46859
P07741	155.04	65.073	140.87	205.18	270.58	170.1	159.61	456.88	557.67	11281	155.04	65.073	140.87	205.18	270.58	170.1	159.61	456.88	557.67	11281
P07900;Q14568;Q58FG1	1207.9	572.62	930.43	903.16	2107.2	860.15	1353.6	2440.1	2708.5	69428	1207.9	572.62	930.43	903.16	2107.2	860.15	1353.6	2440.1	2708.5	69428
P07910;P0DMR1;O60812;B7ZW38;B2RXH8	1119.4	860.47	1246.6	1230	2927.4	1195.5	1621.3	2579.1	2634.4	74845	1119.4	860.47	1246.6	1230	2927.4	1195.5	1621.3	2579.1	2634.4	74845
P08123	2008.3	43.19	113.35	66.904	248.8	469.08	97.516	0	279.48	687.3	2008.3	43.19	113.35	66.904	248.8	469.08	97.516	0	279.48	687.3
P61586;P08134	212.32	92.632	157.38	192.29	1071.9	106.37	296.52	166.91	248.44	3373.7	212.32	92.632	157.38	192.29	1071.9	106.37	296.52	166.91	248.44	3373.7
P08238;Q58FF7;Q58FF6;Q58FG0	3199	2342	3307.7	3440.7	5269.5	2909.7	3669.3	5937.8	6139.2	183030	3199	2342	3307.7	3440.7	5269.5	2909.7	3669.3	5937.8	6139.2	183030
P08559	141.08	198.57	220.15	293.67	504.43	257.44	452.69	480.69	520.15	13368	141.08	198.57	220.15	293.67	504.43	257.44	452.69	480.69	520.15	13368
P08621	202.24	90.723	167.92	162.5	326.25	172.08	213.11	311.92	532.64	10620	202.24	90.723	167.92	162.5	326.25	172.08	213.11	311.92	532.64	10620
P08670;P17661;P41219;Q16352;P07196;P07197;P12036	2729.1	1643	2957.8	2328.5	6440.8	2906.5	4417	6120.9	5390.5	168110	2729.1	1643	2957.8	2328.5	6440.8	2906.5	4417	6120.9	5390.5	168110
P08708	371.55	400.41	332.57	444.78	781.44	373.1	596.86	499.83	681.83	14145	371.55	400.41	332.57	444.78	781.44	373.1	596.86	499.83	681.83	14145
P08865	903.9	462.88	1053.4	794.93	2311.9	897.28	1264.8	1656.5	2210.2	49433	903.9	462.88	1053.4	794.93	2311.9	897.28	1264.8	1656.5	2210.2	49433
P09012;P08579	107.8	81.674	67.919	92.642	158.78	43.974	173.73	208.93	194.21	6440.7	107.8	81.674	67.919	92.642	158.78	43.974	173.73	208.93	194.21	6440.7
P09211	552.37	456.62	850.46	861.13	1332.2	775.57	637.82	1511.8	1684.8	34274	552.37	456.62	850.46	861.13	1332.2	775.57	637.82	1511.8	1684.8	34274
P09429;B2RPK0	454.85	278.75	863.49	453.7	1102.3	399.56	747.61	557.05	762.81	17401	454.85	278.75	863.49	453.7	1102.3	399.56	747.61	557.05	762.81	17401
P09622	128.76	110.99	196.43	209.08	348.07	110.15	252.29	200.92	320.02	6073.7	128.76	110.99	196.43	209.08	348.07	110.15	252.29	200.92	320.02	6073.7
P09651;Q32P51	602.79	378.36	919.8	360.34	1039.4	623.16	812.8	995.92	1796.2	30556	602.79	378.36	919.8	360.34	1039.4	623.16	812.8	995.92	1796.2	30556
P09661	88.26	42.849	115.65	94.157	335.28	66.446	213.87	152.2	189.77	3965.6	88.26	42.849	115.65	94.157	335.28	66.446	213.87	152.2	189.77	3965.6
P09874	2150.8	1290.6	2705.5	1681.8	4860.7	2043.5	2512.9	4035.1	4831.4	119870	2150.8	1290.6	2705.5	1681.8	4860.7	2043.5	2512.9	4035.1	4831.4	119870
P09972	193.27	97.135	232.13	227.52	448.25	307.9	210.93	206.65	349.83	4063.7	193.27	97.135	232.13	227.52	448.25	307.9	210.93	206.65	349.83	4063.7
Q71UI9;P0C0S5	74.962	93.456	89.876	82.208	157.69	90.401	70.793	470.69	226.9	14574	74.962	93.456	89.876	82.208	157.69	90.401	70.793	470.69	226.9	14574
Q99878;Q96KK5;Q9BTM1;P20671;P0C0S8	860.85	800.2	1020.9	1238.7	2222.9	1399	1458.6	14112	4624.5	430670	860.85	800.2	1020.9	1238.7	2222.9	1399	1458.6	14112	4624.5	430670
P62987;P62979;P0CG47;P0CG48	2626.1	1669.7	2335.5	2536.7	5249.3	2172.8	2786.6	4264.8	4748.9	117300	2626.1	1669.7	2335.5	2536.7	5249.3	2172.8	2786.6	4264.8	4748.9	117300
Q01105;P0DME0	166.14	81.082	224.52	236.05	367.75	197.69	158.47	432.36	464.68	13274	166.14	81.082	224.52	236.05	367.75	197.69	158.47	432.36	464.68	13274
P0DMV9;P0DMV8	4165.1	2006.4	3487.5	3780.1	7985.7	3183.5	6024.7	6553.4	8618.2	183420	4165.1	2006.4	3487.5	3780.1	7985.7	3183.5	6024.7	6553.4	8618.2	183420
P10412	350.76	189.4	270.17	316.04	693.11	284.64	668.91	753.8	638.4	19775	350.76	189.4	270.17	316.04	693.11	284.64	668.91	753.8	638.4	19775
P10599	531.5	220.29	414.2	654.78	1038.9	420.51	765.92	228.93	1415.6	6000.5	531.5	220.29	414.2	654.78	1038.9	420.51	765.92	228.93	1415.6	6000.5
P10809	2942.2	2271.4	3243.9	2962.2	5912.7	2783.3	4236.9	10602	6772.7	334430	2942.2	2271.4	3243.9	2962.2	5912.7	2783.3	4236.9	10602	6772.7	334430
P11021	398.29	241.32	391.49	386.02	845.9	382.38	442.58	373.81	614.53	11902	398.29	241.32	391.49	386.02	845.9	382.38	442.58	373.81	614.53	11902
P11142;P54652	2651.2	1813.9	2656.5	3094.9	5558.6	3116.4	4098.3	6171	6328.5	178990	2651.2	1813.9	2656.5	3094.9	5558.6	3116.4	4098.3	6171	6328.5	178990
P11177	66.635	53.791	102.33	74.696	215.44	66.92	59.226	172.34	156.7	4769.2	66.635	53.791	102.33	74.696	215.44	66.92	59.226	172.34	156.7	4769.2
P11413	61.65	204.65	64.375	220.2	171.78	190.32	114.39	130.11	247.79	3996	61.65	204.65	64.375	220.2	171.78	190.32	114.39	130.11	247.79	3996
P11586	1133.6	629.92	1326.8	1081.6	2150.3	1103.3	1592.8	1432.4	2207.5	37575	1133.6	629.92	1326.8	1081.6	2150.3	1103.3	1592.8	1432.4	2207.5	37575
P11940;Q9H361;Q4VXU2;Q5JQF8	678.27	566.58	832.83	848.34	2005	1031	1219.2	1458.2	1753.1	51473	678.27	566.58	832.83	848.34	2005	1031	1219.2	1458.2	1753.1	51473
P12004	193.55	190.31	144.8	194.58	319.37	212.66	215.22	713.53	407.33	13672	193.55	190.31	144.8	194.58	319.37	212.66	215.22	713.53	407.33	13672
P12081	199.47	77.371	178.39	179.01	203.34	133.71	183.28	316.91	363.72	8058.3	199.47	77.371	178.39	179.01	203.34	133.71	183.28	316.91	363.72	8058.3
P12236;P12235	206.11	182.58	233.99	213.37	320.71	236.57	268.78	192.65	404.43	8287.5	206.11	182.58	233.99	213.37	320.71	236.57	268.78	192.65	404.43	8287.5
P12268;P20839	194.19	310.31	325.68	392.65	580.97	362.72	450.84	655.48	724.42	15351	194.19	310.31	325.68	392.65	580.97	362.72	450.84	655.48	724.42	15351
P12273	448.37	216.83	250.22	942.98	595.34	339.22	298.74	209.25	2444.4	5763.6	448.37	216.83	250.22	942.98	595.34	339.22	298.74	209.25	2444.4	5763.6
P12277	709.96	817.41	845.1	784	1655.2	733.21	1072.1	1066.5	1771.7	28555	709.96	817.41	845.1	784	1655.2	733.21	1072.1	1066.5	1771.7	28555
P12532	132.86	127.55	228.92	167.84	261.06	181.06	186.43	401.95	444.14	11036	132.86	127.55	228.92	167.84	261.06	181.06	186.43	401.95	444.14	11036
P12956	1130	567.87	1388.3	949.61	1919.3	1172.4	1641.9	1812	2288.7	54303	1130	567.87	1388.3	949.61	1919.3	1172.4	1641.9	1812	2288.7	54303
P13010	749.04	567.96	860.27	789.32	1524.9	654.95	1048.8	1224.5	1851.4	38754	749.04	567.96	860.27	789.32	1524.9	654.95	1048.8	1224.5	1851.4	38754
P13639	1896.5	1348	1943.6	1800.9	3838.2	1800.3	2984.2	4676	4694.4	131640	1896.5	1348	1943.6	1800.9	3838.2	1800.3	2984.2	4676	4694.4	131640
P13797;P13796;Q14651	341.54	261.74	351.41	355.17	634.55	421.75	332.64	942.16	924.87	22790	341.54	261.74	351.41	355.17	634.55	421.75	332.64	942.16	924.87	22790
P13804	780.35	425.91	735.33	623.72	4006.2	851.08	2140.9	1134	1096.7	24788	780.35	425.91	735.33	623.72	4006.2	851.08	2140.9	1134	1096.7	24788
P14406	0	0	27.724	23.891	74.854	49.659	0	0	73.289	2161.2	0	0	27.724	23.891	74.854	49.659	0	0	73.289	2161.2
P14618;P30613	3061.1	2679.6	3797	3861.2	5653.2	3375.8	4065	5801.5	7656.5	169870	3061.1	2679.6	3797	3861.2	5653.2	3375.8	4065	5801.5	7656.5	169870
P14625;Q58FF3	486.14	296.81	449.53	261.63	672.14	381.89	510.59	578.06	755.89	19527	486.14	296.81	449.53	261.63	672.14	381.89	510.59	578.06	755.89	19527
P63162;P14678	204.27	101.11	367.32	235.94	367.61	462.55	586.02	398.92	468.16	11055	204.27	101.11	367.32	235.94	367.61	462.55	586.02	398.92	468.16	11055
P14866	360.14	180.84	372.87	280.65	661.71	328.51	600.9	696.86	676.85	17533	360.14	180.84	372.87	280.65	661.71	328.51	600.9	696.86	676.85	17533
P14868	857.69	569.11	1101.5	842.86	1414	852.88	1215.7	799.67	1530.9	21045	857.69	569.11	1101.5	842.86	1414	852.88	1215.7	799.67	1530.9	21045
P14923	1587.1	747.92	2399	1111.5	4846.2	975.62	2362.8	637.2	2556.4	17343	1587.1	747.92	2399	1111.5	4846.2	975.62	2362.8	637.2	2556.4	17343
P15121	147.74	88.906	151.14	113.87	192.07	131.45	197.46	447.59	379.6	9805.8	147.74	88.906	151.14	113.87	192.07	131.45	197.46	447.59	379.6	9805.8
P15311;P26038;P35241	629.18	633.18	644.94	781.12	1068.6	745.5	764.45	1223.6	1360.3	33865	629.18	633.18	644.94	781.12	1068.6	745.5	764.45	1223.6	1360.3	33865
P15531	1322.6	675.11	1151.4	1471.8	3594	2160.6	2693.4	1056.7	1863.7	27762	1322.6	675.11	1151.4	1471.8	3594	2160.6	2693.4	1056.7	1863.7	27762
P15880	445.88	291.24	436.85	508.19	801.03	365.23	582.07	1116.3	891.97	35308	445.88	291.24	436.85	508.19	801.03	365.23	582.07	1116.3	891.97	35308
P15924	3962.2	1861.3	6786.3	3187.6	12436	2970.2	7033.9	1200.3	8101.3	31408	3962.2	1861.3	6786.3	3187.6	12436	2970.2	7033.9	1200.3	8101.3	31408
P15954	164.88	62.138	125.7	119.72	422.81	87.143	224.58	173.8	191.05	2889	164.88	62.138	125.7	119.72	422.81	87.143	224.58	173.8	191.05	2889
P16152	308.03	200.74	336.08	300.2	515.08	378.11	278.9	618.65	710.61	16480	308.03	200.74	336.08	300.2	515.08	378.11	278.9	618.65	710.61	16480
P16403;Q02539;P22492;P16401	2373.8	1856.4	2695	2318.3	8149.6	2370.8	4204.4	8981.8	4864.5	267380	2373.8	1856.4	2695	2318.3	8149.6	2370.8	4204.4	8981.8	4864.5	267380
P17066;P48741	151.48	102.42	200.22	129.67	447.97	122.04	234.46	167.75	188.31	5852	151.48	102.42	200.22	129.67	447.97	122.04	234.46	167.75	188.31	5852
P17600	0	0	0	0	0	0	0	0	0	0	0	0	0	0	0	0	0	0	0	0
P22694;P22612;P17612	0	0	0	0	0	0	0	0	0	0	0	0	0	0	0	0	0	0	0	0
P17844;O15523	486.57	255.49	385.3	413.34	934.93	466	648.47	592.68	1027.2	22584	486.57	255.49	385.3	413.34	934.93	466	648.47	592.68	1027.2	22584
P17987	920.47	638.39	1678.4	827.03	2110.3	1134.5	1259.3	1634.9	2410.6	44007	920.47	638.39	1678.4	827.03	2110.3	1134.5	1259.3	1634.9	2410.6	44007
P18077	334.89	313.87	376.45	351.06	789.08	463.54	510.09	895.63	795.49	24324	334.89	313.87	376.45	351.06	789.08	463.54	510.09	895.63	795.49	24324
P18085	91.343	37.066	112.08	54.329	240.3	71.111	137.77	266.79	235.56	5883.9	91.343	37.066	112.08	54.329	240.3	71.111	137.77	266.79	235.56	5883.9
P18124	92.083	61.201	92.338	91.02	115.76	76.382	116.4	241.7	201.75	6212.7	92.083	61.201	92.338	91.02	115.76	76.382	116.4	241.7	201.75	6212.7
P18621	271.85	201.55	249.84	273.21	444.73	302.63	410.57	529.95	580.02	15918	271.85	201.55	249.84	273.21	444.73	302.63	410.57	529.95	580.02	15918
P18669;P15259;Q8N0Y7	519.63	225.8	359.96	381.4	1096.3	402.51	814.53	405.16	750.08	13847	519.63	225.8	359.96	381.4	1096.3	402.51	814.53	405.16	750.08	13847
P18858	0	22.904	39.866	76.556	76.9	70.044	56.498	31.99	62.697	499.46	0	22.904	39.866	76.556	76.9	70.044	56.498	31.99	62.697	499.46
P19338	1353.5	931.59	1300.3	1446.9	2461.5	1304.5	1815.6	2851.6	2781.5	76043	1353.5	931.59	1300.3	1446.9	2461.5	1304.5	1815.6	2851.6	2781.5	76043
P20042	257.99	86.713	199.08	159.24	302.98	161.82	271.38	254	383.78	7150.4	257.99	86.713	199.08	159.24	302.98	161.82	271.38	254	383.78	7150.4
P20290	273.05	113.13	379.07	287.62	932.61	318.94	421.23	617.68	623.59	16853	273.05	113.13	379.07	287.62	932.61	318.94	421.23	617.68	623.59	16853
Q9NRW1;P20340;Q14964	86.256	88.206	144.55	90.038	223.55	83.62	92.663	318.07	292.81	6918.8	86.256	88.206	144.55	90.038	223.55	83.62	92.663	318.07	292.81	6918.8
P20618	162.96	143.89	148.04	135.39	209.92	87.992	234.41	96.16	196.47	3028.9	162.96	143.89	148.04	135.39	209.92	87.992	234.41	96.16	196.47	3028.9
P20700	77.244	26.79	60.336	73.314	139.04	71.323	82.653	125.56	164.1	4080.5	77.244	26.79	60.336	73.314	139.04	71.323	82.653	125.56	164.1	4080.5
P21266	40.529	32.505	108.34	64.767	109.93	84.401	85.764	160.7	166.81	7463	40.529	32.505	108.34	64.767	109.93	84.401	85.764	160.7	166.81	7463
P21796	231.67	103.23	275.82	224.89	411.24	187.66	250.04	381.82	377.63	15017	231.67	103.23	275.82	224.89	411.24	187.66	250.04	381.82	377.63	15017
P21912	221.49	79.606	156.98	168.99	270.22	149.83	198.33	282.35	405.71	8520.7	221.49	79.606	156.98	168.99	270.22	149.83	198.33	282.35	405.71	8520.7
P22087	194.87	72.656	118.51	89.566	252.02	130.68	263.84	136.18	190.67	5414	194.87	72.656	118.51	89.566	252.02	130.68	263.84	136.18	190.67	5414
P22102	194.28	259.78	225.74	303.88	419.11	284.8	481.65	225.28	418.95	7069	194.28	259.78	225.74	303.88	419.11	284.8	481.65	225.28	418.95	7069
P22234	718.95	355.1	615.48	867.26	1198.7	719.43	1032.8	1127.1	1228	36417	718.95	355.1	615.48	867.26	1198.7	719.43	1032.8	1127.1	1228	36417
P22314	1137.1	762.59	1169.9	1494.4	1973.4	1267.5	1343	1930	2407.4	51075	1137.1	762.59	1169.9	1494.4	1973.4	1267.5	1343	1930	2407.4	51075
P22392;O60361	1823.5	1207.1	1730.3	1715	5176.2	1722	2608.4	4248.2	3756.3	123920	1823.5	1207.1	1730.3	1715	5176.2	1722	2608.4	4248.2	3756.3	123920
P22626	859.38	720.22	972.2	810.96	1951.1	819.56	1112.5	2016.3	1879.2	62030	859.38	720.22	972.2	810.96	1951.1	819.56	1112.5	2016.3	1879.2	62030
P23193	70.604	51.033	52.946	49.794	163.66	62.812	82.923	230.13	178.14	5925.4	70.604	51.033	52.946	49.794	163.66	62.812	82.923	230.13	178.14	5925.4
P23246	1258.9	761.36	1498.6	1178.8	2163.9	1155.2	1623.6	2749.8	2409.1	69757	1258.9	761.36	1498.6	1178.8	2163.9	1155.2	1623.6	2749.8	2409.1	69757
P23284	221.01	139.71	199.64	194.14	398.79	246.69	245.34	234.67	262.27	9304.6	221.01	139.71	199.64	194.14	398.79	246.69	245.34	234.67	262.27	9304.6
P23396	1123	965.62	1202.1	1079.5	2106.6	1130.3	1788.1	2315.9	2554.7	67590	1123	965.62	1202.1	1079.5	2106.6	1130.3	1788.1	2315.9	2554.7	67590
P23526	129.41	65.674	135.4	143.61	264.61	134.91	202.28	379.76	163.21	8690.7	129.41	65.674	135.4	143.61	264.61	134.91	202.28	379.76	163.21	8690.7
P23528;Q9Y281	379.8	269.35	695.45	1588.9	650.16	322.49	1399.7	492.48	862.33	15324	379.8	269.35	695.45	1588.9	650.16	322.49	1399.7	492.48	862.33	15324
P23919	119.22	118.58	151.52	76.62	138.01	133.12	101.97	203.5	224	5219.6	119.22	118.58	151.52	76.62	138.01	133.12	101.97	203.5	224	5219.6
P24534	145.12	303.14	134.71	154.47	234.09	121.42	185.36	227.89	193.77	6687.3	145.12	303.14	134.71	154.47	234.09	121.42	185.36	227.89	193.77	6687.3
P24752	577.1	118.75	556.46	393.25	1372.5	394.87	753.01	658.07	1006.2	17317	577.1	118.75	556.46	393.25	1372.5	394.87	753.01	658.07	1006.2	17317
P25205	223.84	163.32	249.63	207.4	523.32	202.28	363.47	252.15	276.62	7893.6	223.84	163.32	249.63	207.4	523.32	202.28	363.47	252.15	276.62	7893.6
P25311	530.73	167.41	218.16	1057.5	616.24	177.98	361.91	109.61	871.66	2855.9	530.73	167.41	218.16	1057.5	616.24	177.98	361.91	109.61	871.66	2855.9
P25398	0	0	0	0	0	0	0	0	0	0	0	0	0	0	0	0	0	0	0	0
P25705	1361.6	849.49	1313.3	1195.3	2457.6	1050.5	1748.4	3024.3	2687.6	81864	1361.6	849.49	1313.3	1195.3	2457.6	1050.5	1748.4	3024.3	2687.6	81864
P25786	383.74	190.58	334.43	333.05	772.57	291.16	317.77	701.13	777.31	18397	383.74	190.58	334.43	333.05	772.57	291.16	317.77	701.13	777.31	18397
P25788	175.52	80.291	217.93	200.76	363.52	200.08	213.15	187.59	402.42	5868.5	175.52	80.291	217.93	200.76	363.52	200.08	213.15	187.59	402.42	5868.5
P25789	443.23	227.63	395.04	242.85	703.56	277.69	541.63	370.29	815.89	9487.1	443.23	227.63	395.04	242.85	703.56	277.69	541.63	370.29	815.89	9487.1
P26373	590.88	348.81	478.28	439.44	932.84	447.99	624.24	886.66	901	26927	590.88	348.81	478.28	439.44	932.84	447.99	624.24	886.66	901	26927
P26599;O95758	93.344	59.477	74.457	57.148	208.72	98.256	150.82	130.8	138.54	5670.2	93.344	59.477	74.457	57.148	208.72	98.256	150.82	130.8	138.54	5670.2
P26639	70.951	0	27.102	50.558	285.86	45.885	132.48	0	80.2	340.87	70.951	0	27.102	50.558	285.86	45.885	132.48	0	80.2	340.87
P26641	2176.3	1016.4	1505.9	1323.6	4698.5	1403.5	2397.1	3564.6	3018.6	94974	2176.3	1016.4	1505.9	1323.6	4698.5	1403.5	2397.1	3564.6	3018.6	94974
Q96L21;P27635	114.67	79.436	114.69	40.263	384.49	158.73	213.84	180.92	256.24	5495.8	114.67	79.436	114.69	40.263	384.49	158.73	213.84	180.92	256.24	5495.8
P27694	178.82	112.76	167.96	151.75	213.27	199.8	205.75	228.08	364.2	8200	178.82	112.76	167.96	151.75	213.27	199.8	205.75	228.08	364.2	8200
P27824	218.1	169.92	198.59	247.7	397.01	250.03	302.52	311.69	492.08	9146.2	218.1	169.92	198.59	247.7	397.01	250.03	302.52	311.69	492.08	9146.2
P28066	374.21	190.09	340.61	220.67	990.23	323.25	429.63	109.18	573.49	4378.1	374.21	190.09	340.61	220.67	990.23	323.25	429.63	109.18	573.49	4378.1
P28072	286.05	129	307.71	212.5	357.79	195.27	189.66	163.15	449.95	4792.9	286.05	129	307.71	212.5	357.79	195.27	189.66	163.15	449.95	4792.9
P29401	118.05	104.34	110.33	74.084	216	126.2	132.75	298.08	255.67	8087.9	118.05	104.34	110.33	74.084	216	126.2	132.75	298.08	255.67	8087.9
P48594;P29508	1103.5	956.97	809.6	1479.4	2262.8	950.43	1048.3	409.8	3983.1	12551	1103.5	956.97	809.6	1479.4	2262.8	950.43	1048.3	409.8	3983.1	12551
P29692	330.71	162.9	280.2	311.88	507.2	307.96	329.04	355.55	409.06	7498	330.71	162.9	280.2	311.88	507.2	307.96	329.04	355.55	409.06	7498
P30041	429.79	355.87	511.75	460.4	828.65	514.17	546.81	1317.9	1099.2	31669	429.79	355.87	511.75	460.4	828.65	514.17	546.81	1317.9	1099.2	31669
P30044	341.22	243.58	433.54	403.86	609.44	353.14	380.13	523.75	846.22	19465	341.22	243.58	433.54	403.86	609.44	353.14	380.13	523.75	846.22	19465
P30048	426.53	358.59	471.45	429.3	891.13	459.14	563.35	796.38	789.9	19916	426.53	358.59	471.45	429.3	891.13	459.14	563.35	796.38	789.9	19916
P30050	453.45	230.08	490.26	450	886.03	436.61	794.6	1107.5	1093.9	33872	453.45	230.08	490.26	450	886.03	436.61	794.6	1107.5	1093.9	33872
P30101	151.03	144.38	146.49	199.5	263.08	197.19	200.99	288.35	431.87	9347.8	151.03	144.38	146.49	199.5	263.08	197.19	200.99	288.35	431.87	9347.8
Q5VSP4;P31025	194.82	163.3	144.98	652.5	296.39	239.38	144	87.053	275.44	1930.5	194.82	163.3	144.98	652.5	296.39	239.38	144	87.053	275.44	1930.5
P31151;Q86SG5	1571.6	1327	1083.5	2080.4	3036.4	2985.4	1507.4	575.56	6468.6	16544	1571.6	1327	1083.5	2080.4	3036.4	2985.4	1507.4	575.56	6468.6	16544
P31943;P55795;P52597	437.99	375.08	504.59	452.17	1199.5	511.18	935.09	870.8	1580	23828	437.99	375.08	504.59	452.17	1199.5	511.18	935.09	870.8	1580	23828
P31944	776.28	391.19	528.87	756.78	1689.5	502.04	886.47	306.64	1616.1	8395.9	776.28	391.19	528.87	756.78	1689.5	502.04	886.47	306.64	1616.1	8395.9
P31947	367.16	212.27	477.57	523.39	1007	315.28	568.02	710.52	1549.3	19476	367.16	212.27	477.57	523.39	1007	315.28	568.02	710.52	1549.3	19476
P32119	1383.8	762.75	1679.6	1284	3438.9	1200.6	2422.1	2403.6	2889.1	70436	1383.8	762.75	1679.6	1284	3438.9	1200.6	2422.1	2403.6	2889.1	70436
P32969	1029.4	378	508.05	545.03	1198.9	630.87	751.28	1756.2	1482.7	47744	1029.4	378	508.05	545.03	1198.9	630.87	751.28	1756.2	1482.7	47744
P33240	164.35	151.6	190.13	124.75	211.29	136.44	109.55	262.61	219.39	7578.8	164.35	151.6	190.13	124.75	211.29	136.44	109.55	262.61	219.39	7578.8
P33992	268.51	98.006	210.8	202.9	230.86	202.49	445.1	227.98	296.33	5804.5	268.51	98.006	210.8	202.9	230.86	202.49	445.1	227.98	296.33	5804.5
P34897	0	0	0	0	0	0	0	0	0	0	0	0	0	0	0	0	0	0	0	0
P35232	820.35	448.24	1127.6	798.37	2026.6	851.43	1157	1637	1620.5	43425	820.35	448.24	1127.6	798.37	2026.6	851.43	1157	1637	1620.5	43425
P35268	341.11	171.43	403.76	411.33	656.06	310.99	411.5	938.7	713.57	27311	341.11	171.43	403.76	411.33	656.06	310.99	411.5	938.7	713.57	27311
P35527;CON__P35527	57581	9388.6	110980	28180	147890	27851	57446	5809.9	32192	147990	57581	9388.6	110980	28180	147890	27851	57446	5809.9	32192	147990
P35579;REV__Q9UKV3	949.95	1150.2	1088.5	1476.6	2192.2	1052.6	1542	866.3	1763.8	24486	949.95	1150.2	1088.5	1476.6	2192.2	1052.6	1542	866.3	1763.8	24486
P35580;P35749	92.896	86.22	92.098	119.39	232.57	141.36	148.94	276.42	177.84	6617.4	92.896	86.22	92.098	119.39	232.57	141.36	148.94	276.42	177.84	6617.4
P35606	199.78	99.155	191.83	158.54	364.93	193.14	292.31	218.45	292.61	6049.6	199.78	99.155	191.83	158.54	364.93	193.14	292.31	218.45	292.61	6049.6
P35613	104.81	0	70.146	26.146	110.22	52.269	78.668	40.64	88.824	948.02	104.81	0	70.146	26.146	110.22	52.269	78.668	40.64	88.824	948.02
P35659	760.82	477.72	917.55	630.01	1755	820.51	1163.2	1201.8	1123.1	31213	760.82	477.72	917.55	630.01	1755	820.51	1163.2	1201.8	1123.1	31213
P36542	318.87	272.32	310.99	311.33	702.14	415.5	462.7	486.76	671.92	18181	318.87	272.32	310.99	311.33	702.14	415.5	462.7	486.76	671.92	18181
P36578	377.65	293.7	398.74	356.38	657.24	516.06	422.44	999.63	983.11	27220	377.65	293.7	398.74	356.38	657.24	516.06	422.44	999.63	983.11	27220
P36873;P62140;P62136	107.46	128.66	126.53	123.18	188.24	110.71	127.49	183.36	212.88	5696.9	107.46	128.66	126.53	123.18	188.24	110.71	127.49	183.36	212.88	5696.9
P37108	471.84	328.47	513.23	359.99	1266.5	478.53	788.69	794.96	994.28	22542	471.84	328.47	513.23	359.99	1266.5	478.53	788.69	794.96	994.28	22542
P37802	355.57	427.56	421.12	258.14	1019.6	377.69	560.15	540.47	553.47	12179	355.57	427.56	421.12	258.14	1019.6	377.69	560.15	540.47	553.47	12179
P38117	1266.2	501.14	1021	817.74	2944.7	918.07	1449.1	1160	1686.2	36247	1266.2	501.14	1021	817.74	2944.7	918.07	1449.1	1160	1686.2	36247
P38159;Q96E39;O75526;Q8N7X1	361.42	398.65	638.65	639.07	801.88	643.34	822.92	909.99	1296.8	26639	361.42	398.65	638.65	639.07	801.88	643.34	822.92	909.99	1296.8	26639
P38646	367.53	192.8	356.71	249.07	887.23	378.32	656.68	371.28	572.38	11071	367.53	192.8	356.71	249.07	887.23	378.32	656.68	371.28	572.38	11071
P38919	293.37	301.11	327.95	204.57	692.41	275.02	438.21	653.89	664.58	17208	293.37	301.11	327.95	204.57	692.41	275.02	438.21	653.89	664.58	17208
P39019	1252.4	777.87	1391.8	1192.5	2629.1	1280.3	1928.4	4497.8	3078.9	119750	1252.4	777.87	1391.8	1192.5	2629.1	1280.3	1928.4	4497.8	3078.9	119750
P39023	762.18	443.31	760.42	726.48	1697.4	583.33	1064.2	2154	1938.9	61264	762.18	443.31	760.42	726.48	1697.4	583.33	1064.2	2154	1938.9	61264
P39656	322.85	146.37	240.89	182.08	307.76	233.72	308.47	393.3	607.64	10145	322.85	146.37	240.89	182.08	307.76	233.72	308.47	393.3	607.64	10145
P39748	26.513	75.772	83.544	57.723	81.429	79.329	49.767	67.113	72.316	1535.3	26.513	75.772	83.544	57.723	81.429	79.329	49.767	67.113	72.316	1535.3
P40227;Q92526	1158.7	632.07	1574.7	1212.4	2019.6	1253.8	1519.1	2722.3	3669.7	74717	1158.7	632.07	1574.7	1212.4	2019.6	1253.8	1519.1	2722.3	3669.7	74717
P40429;Q6NVV1	140.1	77.311	162.69	131.3	300.82	153.63	172.95	331.84	271.26	8361.7	140.1	77.311	162.69	131.3	300.82	153.63	172.95	331.84	271.26	8361.7
P40925	146.28	79.204	232.15	101.6	331.91	272.66	281.16	237.43	435.85	7333.2	146.28	79.204	232.15	101.6	331.91	272.66	281.16	237.43	435.85	7333.2
P40926	396.17	247.1	400.73	397.75	722.13	508.59	507.89	1291.2	1130.3	33974	396.17	247.1	400.73	397.75	722.13	508.59	507.89	1291.2	1130.3	33974
P40939	115.89	50.351	85.306	70.55	175.73	101.35	104.4	122.43	346.38	4412.9	115.89	50.351	85.306	70.55	175.73	101.35	104.4	122.43	346.38	4412.9
P41252	409.75	234.5	305.57	303.22	647.26	296.54	477.19	839.76	773.18	20588	409.75	234.5	305.57	303.22	647.26	296.54	477.19	839.76	773.18	20588
P42704	305.31	170.81	727.06	328.62	891.27	349.83	504.05	462.27	687.67	11390	305.31	170.81	727.06	328.62	891.27	349.83	504.05	462.27	687.67	11390
P42766	1088.9	421.39	1677.9	685.02	1242	895.01	874.85	1256.7	1540.4	37474	1088.9	421.39	1677.9	685.02	1242	895.01	874.85	1256.7	1540.4	37474
P43243	1054	546.76	1025.7	896.86	2091.9	1028.4	1465.4	1353.7	2618.3	40422	1054	546.76	1025.7	896.86	2091.9	1028.4	1465.4	1353.7	2618.3	40422
P43686	69.585	55.802	108.75	83.483	104.55	107.17	103.79	135.61	148.82	4688.9	69.585	55.802	108.75	83.483	104.55	107.17	103.79	135.61	148.82	4688.9
P45880	738.75	554.17	1091.4	849.7	1603.6	736.15	1308.3	1568.7	1868.2	42281	738.75	554.17	1091.4	849.7	1603.6	736.15	1308.3	1568.7	1868.2	42281
P46379	224.56	144.53	185.48	229.78	260.59	289.39	173.79	303.16	384.32	7386.6	224.56	144.53	185.48	229.78	260.59	289.39	173.79	303.16	384.32	7386.6
P46459	142.42	146.9	171.5	178.91	237.72	209.25	261.75	268.48	389.84	6844.8	142.42	146.9	171.5	178.91	237.72	209.25	261.75	268.48	389.84	6844.8
P46776	195.65	77.991	164.22	87.101	260.59	189.91	221.11	372.89	302.12	7587.5	195.65	77.991	164.22	87.101	260.59	189.91	221.11	372.89	302.12	7587.5
P46778	177.32	75.946	203.08	156.55	286.1	180.96	544.3	458.82	345.77	11089	177.32	75.946	203.08	156.55	286.1	180.96	544.3	458.82	345.77	11089
P46779	927.73	249.74	548.4	552.25	1145.1	397.74	748.13	710.46	946.48	18635	927.73	249.74	548.4	552.25	1145.1	397.74	748.13	710.46	946.48	18635
P46781	528.76	345.13	476.96	507.99	1002.6	532.52	725.09	1530.3	1532	43850	528.76	345.13	476.96	507.99	1002.6	532.52	725.09	1530.3	1532	43850
P46782	0	0	0	0	63.879	0	46.052	67.408	50.985	1908.2	0	0	0	0	63.879	0	46.052	67.408	50.985	1908.2
P46783	143.32	75.777	189.79	154.65	261.16	164.04	253.38	248.4	421.41	9575.9	143.32	75.777	189.79	154.65	261.16	164.04	253.38	248.4	421.41	9575.9
P46940	91.344	42.597	83.759	103.88	167.2	83.534	149.23	186.06	114.48	4622.7	91.344	42.597	83.759	103.88	167.2	83.534	149.23	186.06	114.48	4622.7
P46977	192.08	97.02	197.22	132.81	322.97	167.17	284.57	220.7	326.23	7543	192.08	97.02	197.22	132.81	322.97	167.17	284.57	220.7	326.23	7543
P47756	0	0	0	40.515	42.235	0	0	57.349	54.232	1872.8	0	0	0	40.515	42.235	0	0	57.349	54.232	1872.8
P48047	178.98	98.586	195.6	206.5	235.42	186.06	248.49	193.95	354.33	6185.3	178.98	98.586	195.6	206.5	235.42	186.06	248.49	193.95	354.33	6185.3
P48556	282.83	73.921	187.67	113.45	407.75	83.808	196.12	195.09	267.15	5887.7	282.83	73.921	187.67	113.45	407.75	83.808	196.12	195.09	267.15	5887.7
P48643	423.28	489.53	582.35	526.02	918.28	534.7	664.49	1305.7	1384.9	35314	423.28	489.53	582.35	526.02	918.28	534.7	664.49	1305.7	1384.9	35314
P48735	0	0	0	0	0	0	0	0	0	0	0	0	0	0	0	0	0	0	0	0
P49207	309.75	413.21	369.85	500.56	523.9	406.1	443.87	925.06	843.84	18483	309.75	413.21	369.85	500.56	523.9	406.1	443.87	925.06	843.84	18483
P49327	298.15	152.29	314.9	259.96	370.96	241.33	201.33	275.34	471.99	7462.8	298.15	152.29	314.9	259.96	370.96	241.33	201.33	275.34	471.99	7462.8
P49368	815.6	334.01	838.15	528.15	1086.9	606.44	795.38	1056.7	1353.4	36058	815.6	334.01	838.15	528.15	1086.9	606.44	795.38	1056.7	1353.4	36058
P49411	1319.9	721.58	1176	924.94	2047.4	885.19	1505.8	1971.8	1982.9	55244	1319.9	721.58	1176	924.94	2047.4	885.19	1505.8	1971.8	1982.9	55244
P49720	93.298	95.112	113	167.52	196.11	126.23	96.351	154.86	250.84	3453.6	93.298	95.112	113	167.52	196.11	126.23	96.351	154.86	250.84	3453.6
P49736	180.34	120.67	157.41	116.91	461.4	167.6	305.45	306.65	431.3	7895.3	180.34	120.67	157.41	116.91	461.4	167.6	305.45	306.65	431.3	7895.3
P49756	388.79	316.3	523.12	303.16	902.43	429.27	718.64	306.19	807.96	8694	388.79	316.3	523.12	303.16	902.43	429.27	718.64	306.19	807.96	8694
P50213	62.739	25.151	87.923	53.829	127.91	107.93	46.906	199.58	178.98	4759.1	62.739	25.151	87.923	53.829	127.91	107.93	46.906	199.58	178.98	4759.1
P50395;P31150	355.08	200.46	412.61	284.4	653.26	275.6	494.73	465.16	678.92	12362	355.08	200.46	412.61	284.4	653.26	275.6	494.73	465.16	678.92	12362
P50454	487.31	326.62	607.06	365.12	919.76	614.12	658.03	983.72	969.57	25347	487.31	326.62	607.06	365.12	919.76	614.12	658.03	983.72	969.57	25347
Q8IZP2;P50502;Q8NFI4	287.52	174.27	182.72	252.99	273.96	170.77	213.65	290.59	340.33	9388.7	287.52	174.27	182.72	252.99	273.96	170.77	213.65	290.59	340.33	9388.7
P50570	170.89	72.545	157.19	200.05	360.6	255.43	274.8	168.36	300.56	5096.9	170.89	72.545	157.19	200.05	360.6	255.43	274.8	168.36	300.56	5096.9
P50914	160.01	86.68	112.73	139	271.29	154.86	162.1	227.76	388.86	7662.6	160.01	86.68	112.73	139	271.29	154.86	162.1	227.76	388.86	7662.6
P50990	1595.3	819.66	1698.6	1212.5	2424.3	1263.9	1804	1726.2	2203.7	53544	1595.3	819.66	1698.6	1212.5	2424.3	1263.9	1804	1726.2	2203.7	53544
P50991	2393.3	864.12	1711.8	1765.5	4521.2	2350.1	3452.5	2825.5	3000.7	80233	2393.3	864.12	1711.8	1765.5	4521.2	2350.1	3452.5	2825.5	3000.7	80233
P51148;P61020;P20339	122.09	140.01	158.38	73.438	234.36	113.78	246.45	80.004	188.18	4156.7	122.09	140.01	158.38	73.438	234.36	113.78	246.45	80.004	188.18	4156.7
P51149	204.29	126.43	217.94	223.35	428.24	272.99	296.49	379.38	620.12	12019	204.29	126.43	217.94	223.35	428.24	272.99	296.49	379.38	620.12	12019
P51571	68.117	77.507	90.882	82.27	127.34	104.21	96.614	243.44	215.43	5740.9	68.117	77.507	90.882	82.27	127.34	104.21	96.614	243.44	215.43	5740.9
P51610	138.47	87.148	104.12	85.568	168.94	89.72	341.95	256.63	241.77	6961.9	138.47	87.148	104.12	85.568	168.94	89.72	341.95	256.63	241.77	6961.9
P51659	69.832	77.296	61.938	69.797	77.319	87.14	78.655	74.65	112.93	2367.1	69.832	77.296	61.938	69.797	77.319	87.14	78.655	74.65	112.93	2367.1
P51991	176.26	52.354	151.38	115.6	235.02	159.84	166.69	471.47	395.14	14926	176.26	52.354	151.38	115.6	235.02	159.84	166.69	471.47	395.14	14926
P52209	115.26	95.67	132.69	136.3	390.76	152.34	289.27	175.46	218.97	4761.3	115.26	95.67	132.69	136.3	390.76	152.34	289.27	175.46	218.97	4761.3
P52272	1229.2	903.2	1088.7	1239.1	2201.1	1173.8	1987.6	2900.7	2621.1	83172	1229.2	903.2	1088.7	1239.1	2201.1	1173.8	1987.6	2900.7	2621.1	83172
P52292	286.89	162.3	260.63	185.76	397.68	320.49	293.13	527.23	437.52	15109	286.89	162.3	260.63	185.76	397.68	320.49	293.13	527.23	437.52	15109
P52434	43.74	0	50.061	35.922	205.76	39.359	85.204	89.485	117.95	1420.3	43.74	0	50.061	35.922	205.76	39.359	85.204	89.485	117.95	1420.3
P52565	407.79	223.77	335.07	288.36	535.42	288.56	462.61	298.5	655.03	7438.2	407.79	223.77	335.07	288.36	535.42	288.56	462.61	298.5	655.03	7438.2
P53618	0	0	0	0	0	0	0	0	0	0	0	0	0	0	0	0	0	0	0	0
P53621	430.2	470.53	506.33	508.66	784.52	713.17	728.6	748.05	1158.3	23315	430.2	470.53	506.33	508.66	784.52	713.17	728.6	748.05	1158.3	23315
P54136	62.395	0	46.082	39.908	102.44	26.169	46.942	89.149	131.89	2158.4	62.395	0	46.082	39.908	102.44	26.169	46.942	89.149	131.89	2158.4
P54577	144.23	43.449	191.03	98.069	248.6	158.28	119.09	141.37	236.09	5408.7	144.23	43.449	191.03	98.069	248.6	158.28	119.09	141.37	236.09	5408.7
P54709	0	0	0	0	0	0	0	0	0	0	0	0	0	0	0	0	0	0	0	0
P54819	200.73	85.583	251.06	196.18	234.73	229.12	263.45	442.85	369.37	10637	200.73	85.583	251.06	196.18	234.73	229.12	263.45	442.85	369.37	10637
P55036	72.227	38.742	78.815	88.759	104.29	77.865	85.712	72.422	113.22	3689.1	72.227	38.742	78.815	88.759	104.29	77.865	85.712	72.422	113.22	3689.1
P55060	324.26	381.27	376.84	380.01	538.39	492.28	355.4	525.02	730.36	14435	324.26	381.27	376.84	380.01	538.39	492.28	355.4	525.02	730.36	14435
P55072	137.36	77.494	178.4	142.23	302.43	100.04	154.46	200.53	570.62	5782.8	137.36	77.494	178.4	142.23	302.43	100.04	154.46	200.53	570.62	5782.8
P55084	443.93	224.75	515.31	552.45	1040.8	482.25	1219	486.11	883.36	12925	443.93	224.75	515.31	552.45	1040.8	482.25	1219	486.11	883.36	12925
P55265	0	0	0	0	0	0	0	0	0	0	0	0	0	0	0	0	0	0	0	0
P55786	96.363	64.085	90.797	97.657	180.78	119.35	75.452	140.22	185.43	3530.1	96.363	64.085	90.797	97.657	180.78	119.35	75.452	140.22	185.43	3530.1
P55884	97.046	70.69	88.085	65.048	176.69	91.224	93.982	124.77	260.44	6411.3	97.046	70.69	88.085	65.048	176.69	91.224	93.982	124.77	260.44	6411.3
P56134	257.04	232.92	291.84	230.45	383.44	282.16	263.74	432.54	487.89	9517	257.04	232.92	291.84	230.45	383.44	282.16	263.74	432.54	487.89	9517
P56192	91.539	77.471	197.18	104.74	161.82	144.07	120.28	115.98	172.21	3886.6	91.539	77.471	197.18	104.74	161.82	144.07	120.28	115.98	172.21	3886.6
Q5VTU8;P56381	106.87	88.788	151.81	102.02	247.2	92.877	234.4	194.58	243.9	6006.7	106.87	88.788	151.81	102.02	247.2	92.877	234.4	194.58	243.9	6006.7
P56385	96.386	0	187.8	56.863	145.09	48.64	56.47	106.06	98.606	4264.1	96.386	0	187.8	56.863	145.09	48.64	56.47	106.06	98.606	4264.1
P59998	0	20.374	46.12	24.13	52.6	46.615	0	49.038	83.902	1226.3	0	20.374	46.12	24.13	52.6	46.615	0	49.038	83.902	1226.3
P60174	197.98	161.16	225.44	244.85	438.39	285.94	233.12	434.38	474.24	11701	197.98	161.16	225.44	244.85	438.39	285.94	233.12	434.38	474.24	11701
P60228	358.57	408.07	448.29	432.75	661.03	395.87	621.56	1399.6	835.65	57186	358.57	408.07	448.29	432.75	661.03	395.87	621.56	1399.6	835.65	57186
P63261;P60709;Q562R1;Q6S8J3;A5A3E0;P0CG38;Q9BYX7;P0CG39	2822.2	2521.5	3063	3987.9	6040.1	3009.3	4238.2	5082	7032.9	141290	2822.2	2521.5	3063	3987.9	6040.1	3009.3	4238.2	5082	7032.9	141290
P60842;Q14240	1199.6	580.95	1344.5	1079.9	2104.1	1154.8	1670.2	2696.7	2321.9	72161	1199.6	580.95	1344.5	1079.9	2104.1	1154.8	1670.2	2696.7	2321.9	72161
P60866	55.694	44.082	57.278	74.571	177.17	65.738	89.422	209.47	218.69	8723.4	55.694	44.082	57.278	74.571	177.17	65.738	89.422	209.47	218.69	8723.4
P60891	109.32	63.226	81.855	110.95	135.01	57.318	56.63	168.62	107.97	3486.4	109.32	63.226	81.855	110.95	135.01	57.318	56.63	168.62	107.97	3486.4
P60900	188.6	96.267	146.98	138.2	207.39	102.95	215.7	138.1	338.03	5093.8	188.6	96.267	146.98	138.2	207.39	102.95	215.7	138.1	338.03	5093.8
P61081	927.97	722.54	896.83	969.24	1868.1	913.93	1388.4	1738.4	1765.7	48504	927.97	722.54	896.83	969.24	1868.1	913.93	1388.4	1738.4	1765.7	48504
P61088	44.695	39.843	54.161	40.934	80.66	107.67	57.358	102.97	104.09	2987.7	44.695	39.843	54.161	40.934	80.66	107.67	57.358	102.97	104.09	2987.7
P61106	281.74	79.992	165.41	117.94	408.22	197.62	254.15	84.239	260.05	3658.5	281.74	79.992	165.41	117.94	408.22	197.62	254.15	84.239	260.05	3658.5
P61160	264.21	163.12	264.7	155.56	438.15	218.91	420.82	219.26	450.36	5153.1	264.21	163.12	264.7	155.56	438.15	218.91	420.82	219.26	450.36	5153.1
P84077;P61204	792.26	570.09	1086.4	670.24	1344.8	819.54	1061.4	1205.1	1676.4	35937	792.26	570.09	1086.4	670.24	1344.8	819.54	1061.4	1205.1	1676.4	35937
P61224;P62834;A6NIZ1	275.28	228.2	494.41	261.65	644.9	334.1	367.5	457.66	537.15	13377	275.28	228.2	494.41	261.65	644.9	334.1	367.5	457.66	537.15	13377
P61247	657.14	409.57	676.23	574.72	1179.8	762.94	853.17	1432.7	1259.5	35725	657.14	409.57	676.23	574.72	1179.8	762.94	853.17	1432.7	1259.5	35725
Q9UNX3;P61254	237	214.54	216.33	315.14	777.48	320.78	558.85	382.25	451.01	9437.7	237	214.54	216.33	315.14	777.48	320.78	558.85	382.25	451.01	9437.7
P61289	187.02	102.28	220.82	153.55	260.68	191.86	243.72	267.87	357.41	8489.3	187.02	102.28	220.82	153.55	260.68	191.86	243.72	267.87	357.41	8489.3
P61313	339.69	154.69	351.12	266.31	646.84	295.15	472.31	774.22	1040	25423	339.69	154.69	351.12	266.31	646.84	295.15	472.31	774.22	1040	25423
P61326;Q96A72	132.21	99.57	145.21	106.84	300.95	132.26	183.89	222	349.93	8679	132.21	99.57	145.21	106.84	300.95	132.26	183.89	222	349.93	8679
P61353	169.45	121.88	228.61	157.04	347.23	226.34	290.46	471.47	434.55	13638	169.45	121.88	228.61	157.04	347.23	226.34	290.46	471.47	434.55	13638
P61604	349.48	291.35	496.71	360.49	733.58	391.2	641.37	856.68	733.6	25025	349.48	291.35	496.71	360.49	733.58	391.2	641.37	856.68	733.6	25025
P61803	0	0	0	0	0	0	0	0	0	0	0	0	0	0	0	0	0	0	0	0
P61978	516.95	255.56	479.58	429.14	826.74	442.03	565.92	1091.5	1044.2	32030	516.95	255.56	479.58	429.14	826.74	442.03	565.92	1091.5	1044.2	32030
P62081	446.69	213.41	460.68	411.49	856.63	345.65	566.71	1095.9	981.26	29231	446.69	213.41	460.68	411.49	856.63	345.65	566.71	1095.9	981.26	29231
P62191	110.47	50.199	85.144	119.49	168.85	130.63	72.171	170.78	276.87	5330.5	110.47	50.199	85.144	119.49	168.85	130.63	72.171	170.78	276.87	5330.5
P62195	191.3	143.26	277	236.77	405.4	227.75	317.45	245.6	342.3	6563.6	191.3	143.26	277	236.77	405.4	227.75	317.45	245.6	342.3	6563.6
P62241	530.25	328.85	601.48	546.01	1303.2	505.79	651.69	1409.5	1361.6	38232	530.25	328.85	601.48	546.01	1303.2	505.79	651.69	1409.5	1361.6	38232
P62244	592.87	516.94	445.46	536.92	1439.5	720.38	972.02	1372.1	1431.8	36389	592.87	516.94	445.46	536.92	1439.5	720.38	972.02	1372.1	1431.8	36389
P62249	912.62	620.06	998.28	922.01	2887.4	1099.2	2055.3	1300.4	1619.7	33148	912.62	620.06	998.28	922.01	2887.4	1099.2	2055.3	1300.4	1619.7	33148
P62258	1788.3	1219.6	2239.4	2073	4184.9	2220.9	3021.1	3769.3	5922.2	99274	1788.3	1219.6	2239.4	2073	4184.9	2220.9	3021.1	3769.3	5922.2	99274
P62263	571.65	295.34	465.89	434.51	1415.3	392.18	837.22	726.41	1143.2	20177	571.65	295.34	465.89	434.51	1415.3	392.18	837.22	726.41	1143.2	20177
P62269	39.189	0	49.009	58.029	71.437	86.516	54.479	77.861	114.35	3202.4	39.189	0	49.009	58.029	71.437	86.516	54.479	77.861	114.35	3202.4
P62273	245.67	65.498	241.51	92.314	187.46	129.07	131.3	409.38	574.53	16012	245.67	65.498	241.51	92.314	187.46	129.07	131.3	409.38	574.53	16012
P62277	207.28	226.23	406.78	269.9	529.74	294.96	362.69	799.89	554.94	21150	207.28	226.23	406.78	269.9	529.74	294.96	362.69	799.89	554.94	21150
P62280	1333.7	894.85	1186.1	1495.3	2252.7	1260.2	2267.3	2301.9	3127.3	59651	1333.7	894.85	1186.1	1495.3	2252.7	1260.2	2267.3	2301.9	3127.3	59651
P62304	146.2	82.984	187.53	151.36	351.93	156.41	192.71	181.34	317.34	6135.6	146.2	82.984	187.53	151.36	351.93	156.41	192.71	181.34	317.34	6135.6
P62312	301.05	125.42	349.21	209.33	543.84	233.62	350.89	346.02	477.6	9794.9	301.05	125.42	349.21	209.33	543.84	233.62	350.89	346.02	477.6	9794.9
P62314	314.35	156.61	472.48	278.35	668.17	365.21	383.97	404.5	544.05	10607	314.35	156.61	472.48	278.35	668.17	365.21	383.97	404.5	544.05	10607
P62316	247.66	174.57	326.9	392.12	834.62	428.89	456.76	639.93	804.12	20515	247.66	174.57	326.9	392.12	834.62	428.89	456.76	639.93	804.12	20515
P62318	25.244	56.32	39.819	81.426	145.86	99.434	126.57	91.993	150.98	4269.4	25.244	56.32	39.819	81.426	145.86	99.434	126.57	91.993	150.98	4269.4
P62333	72.381	55.671	75.785	84.822	240.04	71.966	97.575	71.285	111.89	2505.3	72.381	55.671	75.785	84.822	240.04	71.966	97.575	71.285	111.89	2505.3
P62424	819.18	785.37	1031.8	907.46	1905	961.88	1137.9	1625.8	2011.2	49320	819.18	785.37	1031.8	907.46	1905	961.88	1137.9	1625.8	2011.2	49320
P62491;Q15907	580.52	243.58	533.39	414.38	974.8	544.84	665.11	759.56	1189.1	23633	580.52	243.58	533.39	414.38	974.8	544.84	665.11	759.56	1189.1	23633
P62495	140.65	74.801	129.47	129.79	291.91	98.156	192.24	471.32	361.44	9423.3	140.65	74.801	129.47	129.79	291.91	98.156	192.24	471.32	361.44	9423.3
P62701;Q8TD47;P22090	866.61	541.12	934.57	728.67	1314	811.46	1023.7	1610.7	1666.8	39801	866.61	541.12	934.57	728.67	1314	811.46	1023.7	1610.7	1666.8	39801
P63267;P68133;P68032;P62736	162.59	168.11	199.22	246.01	267.92	144.43	263.95	157.23	313.69	7018.1	162.59	168.11	199.22	246.01	267.92	144.43	263.95	157.23	313.69	7018.1
P62750	473.65	292	480.81	522.07	851.83	568.93	777.83	1297.6	1096.6	34511	473.65	292	480.81	522.07	851.83	568.93	777.83	1297.6	1096.6	34511
P62753	679.93	327.03	922.81	461.55	1720.6	644.2	907.05	734.75	1254	20735	679.93	327.03	922.81	461.55	1720.6	644.2	907.05	734.75	1254	20735
P62805	3453.9	3378	5067.1	2867.8	10445	6831.8	6461.4	9809.7	7560.6	290530	3453.9	3378	5067.1	2867.8	10445	6831.8	6461.4	9809.7	7560.6	290530
Q9H0U4;P62820;Q92928;Q92930;P61006;P61026;P51153;P59190	636	612.47	678.32	544.21	972.37	602.08	630.08	1053.8	981.5	27543	636	612.47	678.32	544.21	972.37	602.08	630.08	1053.8	981.5	27543
P62826	793.76	664.91	1214.5	1000.7	1729.3	917.1	1424.8	2063.9	2208.6	57635	793.76	664.91	1214.5	1000.7	1729.3	917.1	1424.8	2063.9	2208.6	57635
P62829	150.21	61.397	155.13	94.337	212.03	177.61	178.44	500.2	465.69	13696	150.21	61.397	155.13	94.337	212.03	177.61	178.44	500.2	465.69	13696
P62841	130.57	75.855	112.05	123.75	196.43	121.24	201.01	247.45	197.33	8174.2	130.57	75.855	112.05	123.75	196.43	121.24	201.01	247.45	197.33	8174.2
P62847	647.74	486.48	829.38	797.14	1591.1	615.03	1177.6	1395.2	1110.1	35854	647.74	486.48	829.38	797.14	1591.1	615.03	1177.6	1395.2	1110.1	35854
P62851	528.41	504.98	569.96	562.3	972.67	812.1	657.98	1441.3	1264.5	43507	528.41	504.98	569.96	562.3	972.67	812.1	657.98	1441.3	1264.5	43507
P62854;Q5JNZ5	337.36	212.22	459.51	281.37	791.12	332.79	612.43	475.83	702.68	11739	337.36	212.22	459.51	281.37	791.12	332.79	612.43	475.83	702.68	11739
P62857	702.03	201.3	764.5	489.98	1155.1	664.14	1201.2	1341.2	1226	37764	702.03	201.3	764.5	489.98	1155.1	664.14	1201.2	1341.2	1226	37764
P62861	74.554	99.852	99.438	120.47	165.37	135.3	97.111	223.81	228.65	7476.4	74.554	99.852	99.438	120.47	165.37	135.3	97.111	223.81	228.65	7476.4
P62888	554.74	422.94	529.69	550.85	1005.4	564.68	2080.1	485.98	577.5	14154	554.74	422.94	529.69	550.85	1005.4	564.68	2080.1	485.98	577.5	14154
P62899	93.809	91.293	264.77	110.71	309.35	142.26	167.29	259.16	425.99	4886.7	93.809	91.293	264.77	110.71	309.35	142.26	167.29	259.16	425.99	4886.7
P62906	435.8	360.54	538.97	558.56	1012.7	642.21	785.65	1118.4	1083.9	31939	435.8	360.54	538.97	558.56	1012.7	642.21	785.65	1118.4	1083.9	31939
P62913	567.26	282.71	832.19	492.84	1175.5	595.69	769.04	1477.1	1218.8	40174	567.26	282.71	832.19	492.84	1175.5	595.69	769.04	1477.1	1218.8	40174
P62917	122.1	93.019	109.69	115.51	214.47	77.846	141.9	228.03	230.66	5747.8	122.1	93.019	109.69	115.51	214.47	77.846	141.9	228.03	230.66	5747.8
P62937;P0DN37;P0DN26;A0A0B4J2A2;A0A075B767;A0A075B759;Q9Y536;F5H284	492.82	336.68	491.67	521.64	895.61	620.12	614.32	1344.8	1291	43725	492.82	336.68	491.67	521.64	895.61	620.12	614.32	1344.8	1291	43725
P62942	102.38	66.283	136.03	113.57	147.43	56.145	162.67	49.166	178.88	1833.3	102.38	66.283	136.03	113.57	147.43	56.145	162.67	49.166	178.88	1833.3
P62995	81.532	80.827	88.698	106.43	524.65	124.31	112.69	108.01	230.19	3532.9	81.532	80.827	88.698	106.43	524.65	124.31	112.69	108.01	230.19	3532.9
P63104;Q04917;P31946;P61981;P27348	836.38	339.46	650.66	706.34	1389.6	686.19	613.17	1387.2	2562.8	43240	836.38	339.46	650.66	706.34	1389.6	686.19	613.17	1387.2	2562.8	43240
P63151;Q66LE6	0	22.285	0	0	0	0	0	0	20.176	312.96	0	22.285	0	0	0	0	0	0	20.176	312.96
P63173	83.191	46.436	176.22	86.824	204.39	137.07	133.99	284.4	268.78	12135	83.191	46.436	176.22	86.824	204.39	137.07	133.99	284.4	268.78	12135
P63241;Q9GZV4;Q6IS14	574.83	319.04	822.98	544.2	1441.7	412.34	895.72	1151.6	988.81	25632	574.83	319.04	822.98	544.2	1441.7	412.34	895.72	1151.6	988.81	25632
P63244	559.09	279.91	541.44	519.13	1052.7	457.39	672.88	1469.8	910.83	40934	559.09	279.91	541.44	519.13	1052.7	457.39	672.88	1469.8	910.83	40934
P63279	100.1	87.248	151.53	140.52	176.56	147.92	101.3	143.49	250.86	4721.6	100.1	87.248	151.53	140.52	176.56	147.92	101.3	143.49	250.86	4721.6
P68036	281.07	179.7	299.05	252.05	347.66	271.26	262.11	382.94	815.95	10615	281.07	179.7	299.05	252.05	347.66	271.26	262.11	382.94	815.95	10615
Q5VTE0;P68104	2929.4	1968.4	3073.4	2770	7019.7	3052	5456.5	7847.3	6494.5	240680	2929.4	1968.4	3073.4	2770	7019.7	3052	5456.5	7847.3	6494.5	240680
Q9BQE3;P68363;Q71U36;P0DPH8;P0DPH7;P68366;Q6PEY2;Q9NY65;Q9H853;A6NHL2	2324.4	1909.5	2292.8	2157.6	3861.2	2564	2763	6551.4	5881.4	212880	2324.4	1909.5	2292.8	2157.6	3861.2	2564	2763	6551.4	5881.4	212880
P68371;P04350;Q3ZCM7	53.51	42.756	54.583	25.307	106.91	49.959	55.032	91.559	113.31	2393.8	53.51	42.756	54.583	25.307	106.91	49.959	55.032	91.559	113.31	2393.8
Q71DI3;Q16695;P68431;P84243;Q6NXT2	1780.9	1249.5	1951.1	1782	3807.5	1913.7	2791.5	10305	9265.7	293570	1780.9	1249.5	1951.1	1782	3807.5	1913.7	2791.5	10305	9265.7	293570
P78344	78.022	79.696	105.65	109.89	146.01	94.601	84.833	152.85	269	4588.8	78.022	79.696	105.65	109.89	146.01	94.601	84.833	152.85	269	4588.8
P78371	1245.1	527.59	1108.8	882.49	2145.1	1010.1	1374.7	2282	2614.8	63306	1245.1	527.59	1108.8	882.49	2145.1	1010.1	1374.7	2282	2614.8	63306
P78527	342	259.33	365.45	278.98	468.78	331.75	485.36	283.5	517.63	9271.2	342	259.33	365.45	278.98	468.78	331.75	485.36	283.5	517.63	9271.2
P81605	11023	2619.4	3858.7	25877	11009	4646.7	4598.1	1244.4	6082	38939	11023	2619.4	3858.7	25877	11009	4646.7	4598.1	1244.4	6082	38939
P83731	100.87	0	117.75	53.28	138.91	116.14	60.885	205.89	199.4	5775.2	100.87	0	117.75	53.28	138.91	116.14	60.885	205.89	199.4	5775.2
P84085	91.837	48.475	57.905	63.323	95.772	47.045	80.194	131.7	116.11	3807.7	91.837	48.475	57.905	63.323	95.772	47.045	80.194	131.7	116.11	3807.7
P84090	121.3	52.564	212.35	86.516	216.02	134.99	147.79	125.58	235.47	3261	121.3	52.564	212.35	86.516	216.02	134.99	147.79	125.58	235.47	3261
P84098	613.61	547.66	625.24	805.74	1571.8	795.07	968.21	2091.2	1331.4	68257	613.61	547.66	625.24	805.74	1571.8	795.07	968.21	2091.2	1331.4	68257
P84103	326.83	210.19	216.41	380.71	932.44	190.03	243.54	296.24	344.3	9340.1	326.83	210.19	216.41	380.71	932.44	190.03	243.54	296.24	344.3	9340.1
P99999	151.95	65.26	106.97	76.708	145.02	51.184	87.157	329.73	268.14	10384	151.95	65.26	106.97	76.708	145.02	51.184	87.157	329.73	268.14	10384
Q00325	831.05	558.84	892.56	889.14	1356.6	877.22	1337.2	1282.9	1836.9	31798	831.05	558.84	892.56	889.14	1356.6	877.22	1337.2	1282.9	1836.9	31798
Q00610;P53675	1468.4	972.02	1723.5	1468.9	2403.2	1253.5	1782	1796.1	2848.2	49179	1468.4	972.02	1723.5	1468.9	2403.2	1253.5	1782	1796.1	2848.2	49179
Q00839	829.47	336.71	782.47	648.1	1447.6	672.6	1021.8	1340.4	1386.3	37615	829.47	336.71	782.47	648.1	1447.6	672.6	1021.8	1340.4	1386.3	37615
Q01469	293.77	204.9	437.05	676.74	993.69	368.34	413.11	189.17	784.85	4152.9	293.77	204.9	437.05	676.74	993.69	368.34	413.11	189.17	784.85	4152.9
Q01518	0	0	0	0	0	0	0	0	0	0	0	0	0	0	0	0	0	0	0	0
Q02413	292.02	108.8	440.79	164.89	655.69	210.72	314.43	44.721	877.57	1751.4	292.02	108.8	440.79	164.89	655.69	210.72	314.43	44.721	877.57	1751.4
Q02543	521.95	384.15	1075.6	496.14	1755.3	752.88	1246.1	657.14	682.01	15183	521.95	384.15	1075.6	496.14	1755.3	752.88	1246.1	657.14	682.01	15183
Q02790	214.9	102.24	334.79	159.01	473.32	335.98	329.43	473.9	520.72	14243	214.9	102.24	334.79	159.01	473.32	335.98	329.43	473.9	520.72	14243
Q02878	730.55	459	707.01	711.99	1233.1	670.56	1004.1	1066.4	1326	34817	730.55	459	707.01	711.99	1233.1	670.56	1004.1	1066.4	1326	34817
Q02880;P11388	230.43	143.47	210.29	162.69	288.57	276.83	255.28	254.43	796.72	7121.4	230.43	143.47	210.29	162.69	288.57	276.83	255.28	254.43	796.72	7121.4
Q04637	56.842	0	65.71	92.813	112.15	79.212	128.74	92.645	115.07	2416.9	56.842	0	65.71	92.813	112.15	79.212	128.74	92.645	115.07	2416.9
Q04760	149.89	225.25	174.27	165.82	294.61	225.78	148.24	311.82	466.02	10309	149.89	225.25	174.27	165.82	294.61	225.78	148.24	311.82	466.02	10309
Q04837	554.18	219	909.96	497.44	1227	545.32	855.57	578.66	1235.5	15817	554.18	219	909.96	497.44	1227	545.32	855.57	578.66	1235.5	15817
Q05639	83.802	38.844	56.983	87.399	149.55	85.953	111.27	136.39	120.28	2948.9	83.802	38.844	56.983	87.399	149.55	85.953	111.27	136.39	120.28	2948.9
Q06830;Q13162	1264.8	748.94	1163.5	884.17	2002	1109.2	1253.4	2033.4	2683.8	56089	1264.8	748.94	1163.5	884.17	2002	1109.2	1253.4	2033.4	2683.8	56089
Q07020	410.77	254.75	516.03	321.51	682.22	414.34	627.14	785	864.07	23772	410.77	254.75	516.03	321.51	682.22	414.34	627.14	785	864.07	23772
Q07666	174.53	116.45	169.3	260.22	363.58	206.89	283.95	469.61	503.07	11585	174.53	116.45	169.3	260.22	363.58	206.89	283.95	469.61	503.07	11585
Q08211	863.82	553.42	964.08	774.94	1835	849.8	1483.7	1601.4	1775.6	42278	863.82	553.42	964.08	774.94	1835	849.8	1483.7	1601.4	1775.6	42278
Q08554	135.68	56.179	41.265	44.949	116.36	48.535	112.44	44.009	131.38	1401.5	135.68	56.179	41.265	44.949	116.36	48.535	112.44	44.009	131.38	1401.5
Q08945	44.496	32.046	82.449	58.814	80.544	53.841	54.194	131.93	155.67	2854.8	44.496	32.046	82.449	58.814	80.544	53.841	54.194	131.93	155.67	2854.8
Q16576;Q09028	83.081	66.941	153.64	90.381	213.01	186.26	165.14	201.78	162.49	4891.4	83.081	66.941	153.64	90.381	213.01	186.26	165.14	201.78	162.49	4891.4
Q12874	0	0	0	0	0	0	0	0	0	0	0	0	0	0	0	0	0	0	0	0
Q12905	354.51	231.08	375.92	436.5	542.08	439.85	398.02	653.97	678.98	20545	354.51	231.08	375.92	436.5	542.08	439.85	398.02	653.97	678.98	20545
Q12906	301.15	129.36	314.42	267.16	819.03	296.12	418.01	417.57	445.42	10936	301.15	129.36	314.42	267.16	819.03	296.12	418.01	417.57	445.42	10936
Q13011	95.645	53.726	113.01	98.654	179.93	103.62	127.37	170.82	216.7	5811.6	95.645	53.726	113.01	98.654	179.93	103.62	127.37	170.82	216.7	5811.6
Q13098	98.045	37.83	136.26	97.305	80.813	95.692	51.841	125.06	157.79	3379.7	98.045	37.83	136.26	97.305	80.813	95.692	51.841	125.06	157.79	3379.7
Q13148	107.44	0	112.7	38.519	133.19	116.18	147.17	111.18	159.48	4606	107.44	0	112.7	38.519	133.19	116.18	147.17	111.18	159.48	4606
Q13151	129.91	125.6	120.04	99.826	316.23	110.73	247.61	475.79	367.41	13215	129.91	125.6	120.04	99.826	316.23	110.73	247.61	475.79	367.41	13215
Q13185	212.35	141.48	189.83	158.41	287.01	181.63	186.42	117.48	232.58	6642.1	212.35	141.48	189.83	158.41	287.01	181.63	186.42	117.48	232.58	6642.1
Q13257	226.49	76.497	283.87	95.463	252.67	185.31	301.58	170.4	352.76	3111.2	226.49	76.497	283.87	95.463	252.67	185.31	301.58	170.4	352.76	3111.2
Q13263	120.53	123.35	154.12	235.22	259.27	171.55	190.41	342.09	281.79	10866	120.53	123.35	154.12	235.22	259.27	171.55	190.41	342.09	281.79	10866
Q13283	257.83	186.98	328	466.93	422.1	266.87	447.98	386.5	481.37	9584.5	257.83	186.98	328	466.93	422.1	266.87	447.98	386.5	481.37	9584.5
Q13310	110.18	93.06	118.94	111.06	256.25	131.77	146.87	199.52	363.92	5422.6	110.18	93.06	118.94	111.06	256.25	131.77	146.87	199.52	363.92	5422.6
Q13838;O00148	637.15	372.07	831.8	680.23	1392	812.27	788.23	1851.4	1665.7	48805	637.15	372.07	831.8	680.23	1392	812.27	788.23	1851.4	1665.7	48805
Q9BVA1;Q13885	0	0	0	0	0	0	0	0	0	0	0	0	0	0	0	0	0	0	0	0
Q14103;O14979	558.37	539.86	675.67	713.36	720.17	890.12	593.98	3772.7	1938	133590	558.37	539.86	675.67	713.36	720.17	890.12	593.98	3772.7	1938	133590
Q14152	171.95	142.41	131.04	105.82	328.46	80.824	144.84	134.84	287.42	2241.4	171.95	142.41	131.04	105.82	328.46	80.824	144.84	134.84	287.42	2241.4
Q14204	387.64	224.53	372.66	293.57	592.79	377.62	449.12	530.34	905.51	18951	387.64	224.53	372.66	293.57	592.79	377.62	449.12	530.34	905.51	18951
Q14566	50.637	65.082	51.313	43.389	216.12	27.966	54.11	0	82.931	621.87	50.637	65.082	51.313	43.389	216.12	27.966	54.11	0	82.931	621.87
Q14697	525.28	274.17	611.73	311.94	945.39	638.45	769.01	910.8	790.31	23691	525.28	274.17	611.73	311.94	945.39	638.45	769.01	910.8	790.31	23691
Q14739	106.31	39.796	142.72	91.706	346.65	100.23	104.95	174.46	186.97	5474.8	106.31	39.796	142.72	91.706	346.65	100.23	104.95	174.46	186.97	5474.8
Q14974	790.5	430.29	589.94	651.5	1297.6	686.78	902.71	1644.8	1347.4	44450	790.5	430.29	589.94	651.5	1297.6	686.78	902.71	1644.8	1347.4	44450
Q15008	63.932	0	80.573	71.03	194.19	57.487	185.09	77.993	185.21	2318.7	63.932	0	80.573	71.03	194.19	57.487	185.09	77.993	185.21	2318.7
Q15019	78.153	50.156	62.547	66.755	192.55	111.37	144.03	132.14	117.23	3082.3	78.153	50.156	62.547	66.755	192.55	111.37	144.03	132.14	117.23	3082.3
Q15084	57.565	109.01	146.02	151.66	173.42	107.8	180.46	320.31	392.61	11025	57.565	109.01	146.02	151.66	173.42	107.8	180.46	320.31	392.61	11025
Q15233	704.29	525.77	821.72	725.37	1906.3	699.59	996.83	1381.9	1744.6	35171	704.29	525.77	821.72	725.37	1906.3	699.59	996.83	1381.9	1744.6	35171
Q15365	107.03	79.862	105.46	133.43	230.56	101.18	219.78	137.68	151.05	3757.3	107.03	79.862	105.46	133.43	230.56	101.18	219.78	137.68	151.05	3757.3
Q15366;P57721;P57723	438.13	309.38	406.53	344.64	1003.9	405.66	745.44	669.55	871.16	20082	438.13	309.38	406.53	344.64	1003.9	405.66	745.44	669.55	871.16	20082
Q15370	61.604	42.103	128.44	47.539	142.22	80.031	87.384	132.29	217.9	4791.9	61.604	42.103	128.44	47.539	142.22	80.031	87.384	132.29	217.9	4791.9
Q15393	68.384	42.304	121.29	76.98	191.11	80.575	125.79	108.76	164.46	2572.5	68.384	42.304	121.29	76.98	191.11	80.575	125.79	108.76	164.46	2572.5
Q15631	95.158	69.792	164.59	108.2	256.42	119.31	162.16	185.66	261.3	5657	95.158	69.792	164.59	108.2	256.42	119.31	162.16	185.66	261.3	5657
Q15691	315.07	344.42	428.05	254.01	629.71	311.82	349.18	325.43	419.25	9409.6	315.07	344.42	428.05	254.01	629.71	311.82	349.18	325.43	419.25	9409.6
Q15717	85.495	69.207	90.344	58.574	91.919	72.323	82.222	85.937	106.25	2645.9	85.495	69.207	90.344	58.574	91.919	72.323	82.222	85.937	106.25	2645.9
Q15843	96.75	84.087	176.86	125.14	243.93	169.72	178.17	331.6	249.74	8808.7	96.75	84.087	176.86	125.14	243.93	169.72	178.17	331.6	249.74	8808.7
Q16531	243.8	188.53	396.21	244.19	506.53	558.85	332.49	553.52	762.11	18122	243.8	188.53	396.21	244.19	506.53	558.85	332.49	553.52	762.11	18122
Q16629	73.391	46.746	90.328	24.155	87.038	55.81	21.038	40.466	117.49	1631.3	73.391	46.746	90.328	24.155	87.038	55.81	21.038	40.466	117.49	1631.3
Q16658	86.959	35.892	26.634	94.7	240.76	68.677	115.45	27.106	67.122	1093.9	86.959	35.892	26.634	94.7	240.76	68.677	115.45	27.106	67.122	1093.9
Q16777;Q6FI13	0	0	22.999	0	0	0	0	21.108	0	837.12	0	0	22.999	0	0	0	0	21.108	0	837.12
Q16878	100.1	40.07	109.51	105.25	268.57	127.04	201.39	233.37	190.38	6137.8	100.1	40.07	109.51	105.25	268.57	127.04	201.39	233.37	190.38	6137.8
Q16891	121.5	77.582	121.78	89.562	286.96	74.076	149.41	174.08	235.7	5683.9	121.5	77.582	121.78	89.562	286.96	74.076	149.41	174.08	235.7	5683.9
Q2TAY7	53.06	0	33.008	62.325	89.745	26.98	53.019	0	56.364	925.62	53.06	0	33.008	62.325	89.745	26.98	53.019	0	56.364	925.62
Q4VCS5	115.89	79.028	147.21	58.123	261.91	62.509	106.79	35.994	218.88	1058.3	115.89	79.028	147.21	58.123	261.91	62.509	106.79	35.994	218.88	1058.3
Q58FF8	0	0	41.836	0	23.449	30.962	24.24	25.91	21.811	965.9	0	0	41.836	0	23.449	30.962	24.24	25.91	21.811	965.9
Q5T750	636.55	254.73	906.72	329.49	1053.3	339.47	664.36	139.19	2164.5	3712.3	636.55	254.73	906.72	329.49	1053.3	339.47	664.36	139.19	2164.5	3712.3
Q68CZ1	25.84	39.205	33.185	25.2	121.44	34.984	51.989	99.826	77.79	2431.2	25.84	39.205	33.185	25.2	121.44	34.984	51.989	99.826	77.79	2431.2
Q6PJT7	114.67	71.208	122.95	118.21	179.03	142.21	225.96	97.195	146.45	2917	114.67	71.208	122.95	118.21	179.03	142.21	225.96	97.195	146.45	2917
Q6UWP8	142	58.318	85.907	151.8	263.63	62.763	201.8	71.078	103.75	902.46	142	58.318	85.907	151.8	263.63	62.763	201.8	71.078	103.75	902.46
Q7Z5H4	99.947	48.433	50.132	107.9	114.61	73.347	112.78	459.67	146.18	10019	99.947	48.433	50.132	107.9	114.61	73.347	112.78	459.67	146.18	10019
Q7Z6R9	290.35	541.02	506.92	343.77	941.12	402.37	4090.9	130.81	396.9	3562.2	290.35	541.02	506.92	343.77	941.12	402.37	4090.9	130.81	396.9	3562.2
Q86U42	0	0	0	0	20.393	0	0	0	26.087	781.18	0	0	0	0	20.393	0	0	0	26.087	781.18
Q8N1G4	75.531	0	71.163	98.718	124.09	116.62	82.206	176.83	185.08	5918.2	75.531	0	71.163	98.718	124.09	116.62	82.206	176.83	185.08	5918.2
Q8N5M4	108.01	89.921	80.729	174.32	144.84	75.534	157.63	115.07	140.4	3334.2	108.01	89.921	80.729	174.32	144.84	75.534	157.63	115.07	140.4	3334.2
Q8N684	0	0	0	0	0	0	0	0	0	0	0	0	0	0	0	0	0	0	0	0
Q8NC51	155.02	102.34	296.49	163.16	251.36	158.86	184.49	238.54	358.54	7003.6	155.02	102.34	296.49	163.16	251.36	158.86	184.49	238.54	358.54	7003.6
Q8NCW5	41.165	0	46.096	36.678	81.371	0	50.145	46.504	55.927	1439.3	41.165	0	46.096	36.678	81.371	0	50.145	46.504	55.927	1439.3
Q9NP97;Q8TF09	131.59	57.608	233.53	118.04	200.06	160.91	96.988	78.766	217.6	3103.8	131.59	57.608	233.53	118.04	200.06	160.91	96.988	78.766	217.6	3103.8
Q8WUH6	117.53	51.625	83.74	53.403	173.35	157.53	109.82	366.85	271.51	10632	117.53	51.625	83.74	53.403	173.35	157.53	109.82	366.85	271.51	10632
Q8WXF1	757.99	403.69	780.73	724.47	1414.9	616.77	881.96	509.56	1765.3	15724	757.99	403.69	780.73	724.47	1414.9	616.77	881.96	509.56	1765.3	15724
Q92499	56.17	0	63.034	65.894	84.129	78.391	88.492	93.206	89.088	3461.4	56.17	0	63.034	65.894	84.129	78.391	88.492	93.206	89.088	3461.4
Q92621	132.74	46.494	92.785	91.582	188.99	80.112	125.65	137.65	174.99	2979.3	132.74	46.494	92.785	91.582	188.99	80.112	125.65	137.65	174.99	2979.3
Q92688	161.18	42.908	91.923	148.09	150.29	107.03	85.626	219.06	162.92	7154.6	161.18	42.908	91.923	148.09	150.29	107.03	85.626	219.06	162.92	7154.6
Q92734	381.76	58.034	199.4	153.94	166.55	178.73	114.34	122.46	270.05	4618.2	381.76	58.034	199.4	153.94	166.55	178.73	114.34	122.46	270.05	4618.2
Q92841	457.36	398.12	543.96	397.39	840.65	369.33	541.95	915.45	862.44	24518	457.36	398.12	543.96	397.39	840.65	369.33	541.95	915.45	862.44	24518
Q92945	184.08	83.227	183.72	113.25	501.01	170.32	274.46	283.45	350.92	8040.5	184.08	83.227	183.72	113.25	501.01	170.32	274.46	283.45	350.92	8040.5
Q969H8	104.88	94.754	97.315	108	144.55	118.97	92.347	131.8	211.48	5073.2	104.88	94.754	97.315	108	144.55	118.97	92.347	131.8	211.48	5073.2
Q96AE4;Q96I24	569.07	418.05	455.5	594.6	1212	431.36	823.41	1563.1	1071.8	38583	569.07	418.05	455.5	594.6	1212	431.36	823.41	1563.1	1071.8	38583
Q96FW1	34.62	0	0	0	46.79	26.334	60.631	0	22.356	1015.5	34.62	0	0	0	46.79	26.334	60.631	0	22.356	1015.5
Q96HS1	283.96	143	261.78	222.17	488.13	344.1	418.95	420.02	479.93	11804	283.96	143	261.78	222.17	488.13	344.1	418.95	420.02	479.93	11804
Q96J02	234.33	120.14	386.69	172.98	207.53	157.93	219.86	59.85	877.37	976.44	234.33	120.14	386.69	172.98	207.53	157.93	219.86	59.85	877.37	976.44
Q96P63	599.51	428.23	905.2	483.86	1177.9	459.96	660.36	190.47	2376.2	3974.9	599.51	428.23	905.2	483.86	1177.9	459.96	660.36	190.47	2376.2	3974.9
Q96QK1	165.6	99.445	88.821	125.05	216.75	132.84	191.6	301.02	255.28	7986.4	165.6	99.445	88.821	125.05	216.75	132.84	191.6	301.02	255.28	7986.4
Q99460	0	0	0	0	0	0	0	0	0	0	0	0	0	0	0	0	0	0	0	0
Q99497	771.02	378.85	652.86	569.53	1463.7	610.44	869.95	1256.7	1089.6	29708	771.02	378.85	652.86	569.53	1463.7	610.44	869.95	1256.7	1089.6	29708
Q99623	717.4	441.51	724.99	580.3	1337.6	740.7	945.67	1534	1444.5	38104	717.4	441.51	724.99	580.3	1337.6	740.7	945.67	1534	1444.5	38104
Q99714	461.48	265.72	413.23	498.7	928.15	446.19	611.35	793.3	831.19	22225	461.48	265.72	413.23	498.7	928.15	446.19	611.35	793.3	831.19	22225
Q99832	2387.2	1292.3	2520.2	1951.1	4583.9	2149.5	3610.5	4559.4	3980.8	113180	2387.2	1292.3	2520.2	1951.1	4583.9	2149.5	3610.5	4559.4	3980.8	113180
Q99873	469.32	166.69	350.73	317.28	807.64	317.17	477.58	486.39	810.62	11728	469.32	166.69	350.73	317.28	807.64	317.17	477.58	486.39	810.62	11728
Q99986	0	0	0	0	0	0	0	0	0	0	0	0	0	0	0	0	0	0	0	0
Q9BPX3	83.847	45.104	165.7	82.365	259.1	84.533	179.98	27.027	240.92	1135.7	83.847	45.104	165.7	82.365	259.1	84.533	179.98	27.027	240.92	1135.7
Q9BSD7	126.22	75.513	144.28	145.18	203.89	121.16	202.67	284.96	411	7568.6	126.22	75.513	144.28	145.18	203.89	121.16	202.67	284.96	411	7568.6
Q9BTD8	62.879	0	38.385	54.089	91.816	55.155	69.485	76.186	93.488	1397.3	62.879	0	38.385	54.089	91.816	55.155	69.485	76.186	93.488	1397.3
Q9BVL2	101.96	25.382	132.38	90.111	195.58	74.132	113.36	101.42	150.95	3299.1	101.96	25.382	132.38	90.111	195.58	74.132	113.36	101.42	150.95	3299.1
Q9BXT2	64.67	0	126.89	77.453	171.15	27.489	94.083	147.21	135.86	3339.7	64.67	0	126.89	77.453	171.15	27.489	94.083	147.21	135.86	3339.7
Q9BXW7	0	0	0	32.413	0	0	0	0	32.633	1331.8	0	0	0	32.413	0	0	0	0	32.633	1331.8
Q9BZE4	69.608	44.105	60.476	39.215	90.785	52.727	94.019	24.265	103.97	2049	69.608	44.105	60.476	39.215	90.785	52.727	94.019	24.265	103.97	2049
Q9BZZ5	0	0	0	0	0	0	0	0	0	0	0	0	0	0	0	0	0	0	0	0
Q9GZZ8	201.4	418.44	213.7	394.44	458.47	402.31	368.6	80.242	428.21	1671.8	201.4	418.44	213.7	394.44	458.47	402.31	368.6	80.242	428.21	1671.8
Q9H0D6	50.103	22.168	85.214	62.818	95.364	70.173	60.099	59.414	97.497	1820	50.103	22.168	85.214	62.818	95.364	70.173	60.099	59.414	97.497	1820
Q9H3K6	111.19	21.556	136.01	82.992	234.28	89.81	200.4	57.458	162.51	1703.1	111.19	21.556	136.01	82.992	234.28	89.81	200.4	57.458	162.51	1703.1
Q9H9A6	84.8	26.426	100.14	97.378	196.62	163.46	87.042	174.45	225.51	4301.9	84.8	26.426	100.14	97.378	196.62	163.46	87.042	174.45	225.51	4301.9
Q9HAV7	0	0	0	0	0	0	0	0	0	0	0	0	0	0	0	0	0	0	0	0
Q9HB71	71.201	92.216	68.417	101.59	142.39	100.49	92.104	327.95	234.97	9305.6	71.201	92.216	68.417	101.59	142.39	100.49	92.104	327.95	234.97	9305.6
Q9NPD3	18.92	0	33.35	94.744	94.388	37.212	49.879	47.338	57.169	1561.1	18.92	0	33.35	94.744	94.388	37.212	49.879	47.338	57.169	1561.1
Q9NPD8	207.96	101.62	187.78	152.53	308.58	164.35	227.12	416.45	226	6687.5	207.96	101.62	187.78	152.53	308.58	164.35	227.12	416.45	226	6687.5
Q9NR30	117.2	115.97	179.65	209.21	274.42	177.03	275.82	537.18	398.68	10704	117.2	115.97	179.65	209.21	274.42	177.03	275.82	537.18	398.68	10704
Q9NR31;Q9Y6B6	226.38	171.38	211.95	289.12	416.28	257.22	250.4	627.66	686.58	19940	226.38	171.38	211.95	289.12	416.28	257.22	250.4	627.66	686.58	19940
Q9NSD9	157.33	156.72	173.05	174.77	299.73	197.64	239.67	392.98	445.96	11050	157.33	156.72	173.05	174.77	299.73	197.64	239.67	392.98	445.96	11050
Q9NTK5	0	0	0	0	0	0	0	0	0	0	0	0	0	0	0	0	0	0	0	0
Q9NTZ6	322.91	212.52	344.97	230.48	629.98	693.92	431.53	840.15	756.22	21861	322.91	212.52	344.97	230.48	629.98	693.92	431.53	840.15	756.22	21861
Q9NZ01	0	0	39.868	0	0	0	25.015	0	0	118.49	0	0	39.868	0	0	0	25.015	0	0	118.49
Q9NZB2	99.503	80.723	126.87	101.16	185.31	89.384	392.69	163.2	234.75	5653.3	99.503	80.723	126.87	101.16	185.31	89.384	392.69	163.2	234.75	5653.3
Q9NZT1	1062.7	590.53	858.28	1750.5	5261.2	829.63	967.98	204.31	1877.7	6631.1	1062.7	590.53	858.28	1750.5	5261.2	829.63	967.98	204.31	1877.7	6631.1
Q9P035	87.805	58.089	140.49	79.285	185.9	104.13	172.75	115.09	142.52	3108.7	87.805	58.089	140.49	79.285	185.9	104.13	172.75	115.09	142.52	3108.7
Q9P0U1	131.65	137.08	223.07	155.96	458.57	166.18	219.8	297.05	390.26	8801.5	131.65	137.08	223.07	155.96	458.57	166.18	219.8	297.05	390.26	8801.5
Q9P258	146.35	27.806	98.851	97.948	169.33	82.103	138.37	119.32	124.08	3195.7	146.35	27.806	98.851	97.948	169.33	82.103	138.37	119.32	124.08	3195.7
Q9P283	113.31	92.893	108.32	118.98	230.36	93.676	197.51	418.44	221.93	9674	113.31	92.893	108.32	118.98	230.36	93.676	197.51	418.44	221.93	9674
Q9UBB4	0	0	0	0	0	0	0	0	0	0	0	0	0	0	0	0	0	0	0	0
Q9UDW1	118.26	71.593	160.64	125.99	174.94	97.82	97.578	115.44	351.8	4443.9	118.26	71.593	160.64	125.99	174.94	97.82	97.578	115.44	351.8	4443.9
Q9UHX1	91.305	51.268	60.175	43.887	150.36	127	78.488	99.421	159.26	2848.3	91.305	51.268	60.175	43.887	150.36	127	78.488	99.421	159.26	2848.3
Q9UI30	73.532	25.338	75.197	61.658	79.037	0	70.618	147.18	173.62	3643.7	73.532	25.338	75.197	61.658	79.037	0	70.618	147.18	173.62	3643.7
Q9ULC4	126.37	59.806	94.674	112.96	182.44	129.67	236.85	252.34	276.15	7624.2	126.37	59.806	94.674	112.96	182.44	129.67	236.85	252.34	276.15	7624.2
Q9UMS4	311.26	167.18	385.77	284.12	579.91	319.4	492.71	720.03	597.77	18858	311.26	167.18	385.77	284.12	579.91	319.4	492.71	720.03	597.77	18858
Q9UNM6	114	79.144	120.44	119.99	221.01	134.1	187.03	264.09	250.45	7251.1	114	79.144	120.44	119.99	221.01	134.1	187.03	264.09	250.45	7251.1
Q9UQ35	426.5	140.15	455	314.08	640.67	330.94	517.33	337.68	1011.1	12250	426.5	140.15	455	314.08	640.67	330.94	517.33	337.68	1011.1	12250
Q9UQ80	471.73	423.74	554.67	645.72	890.63	555.27	857.35	639.55	769.46	17211	471.73	423.74	554.67	645.72	890.63	555.27	857.35	639.55	769.46	17211
Q9Y224	37.728	20.999	78.272	62.687	146.99	76.295	100.6	140.62	135.24	5988.8	37.728	20.999	78.272	62.687	146.99	76.295	100.6	140.62	135.24	5988.8
Q9Y230	52.779	0	41.658	24.915	125.86	48.798	58.228	38.001	99.043	1130.5	52.779	0	41.658	24.915	125.86	48.798	58.228	38.001	99.043	1130.5
Q9Y237	278.58	118.85	378.5	183.03	734.53	176.47	322.17	290.89	636.8	6691.8	278.58	118.85	378.5	183.03	734.53	176.47	322.17	290.89	636.8	6691.8
Q9Y262	103.1	45.889	120.9	58.183	174.44	69.917	123.27	130.44	209.03	3448.2	103.1	45.889	120.9	58.183	174.44	69.917	123.27	130.44	209.03	3448.2
Q9Y277	95.207	55.67	101.32	76.889	104.18	62.49	74.943	95.959	239.09	3859.8	95.207	55.67	101.32	76.889	104.18	62.49	74.943	95.959	239.09	3859.8
Q9Y2Q3	295.06	202.92	452.48	274.27	563.55	273.04	512.37	345.06	510.11	9800.7	295.06	202.92	452.48	274.27	563.55	273.04	512.37	345.06	510.11	9800.7
Q9Y2W2	116.75	44.917	100.92	50.315	257.61	136.87	264.99	50.434	232.73	2164.3	116.75	44.917	100.92	50.315	257.61	136.87	264.99	50.434	232.73	2164.3
Q9Y333	113.77	77.972	103.6	97.794	118.66	87.004	109.26	105.26	267.61	2792	113.77	77.972	103.6	97.794	118.66	87.004	109.26	105.26	267.61	2792
Q9Y383	0	0	43.349	0	24.719	48.231	0	21.33	39.227	404.16	0	0	43.349	0	24.719	48.231	0	21.33	39.227	404.16
Q9Y3A5	159.15	138.87	270.88	243.72	402.99	201.6	238.04	518.26	286.74	10722	159.15	138.87	270.88	243.72	402.99	201.6	238.04	518.26	286.74	10722
Q9Y3I0	78.092	91.352	92.155	112.25	227.82	89.696	137.97	161.66	171.71	4191.2	78.092	91.352	92.155	112.25	227.82	89.696	137.97	161.66	171.71	4191.2
Q9Y5B9	57.941	19.789	81.868	25.669	47.05	40.935	24.408	47.432	74.104	1065.3	57.941	19.789	81.868	25.669	47.05	40.935	24.408	47.432	74.104	1065.3
REV__O15440	1927.9	7546.3	1931.9	5068.5	4917.4	3444.3	4043.2	597.97	4163.1	12729	1927.9	7546.3	1931.9	5068.5	4917.4	3444.3	4043.2	597.97	4163.1	12729
REV__Q7RTP6	289.64	205.09	276.61	355.16	437.62	374.12	759.93	707.54	456.74	20953	289.64	205.09	276.61	355.16	437.62	374.12	759.93	707.54	456.74	20953
REV__Q8WVF5	736.02	1716.5	1686	720.92	1022.7	2615.2	2006.4	138.09	1311.4	1378.3	736.02	1716.5	1686	720.92	1022.7	2615.2	2006.4	138.09	1311.4	1378.3
REV__Q8WVV9	142.16	123.49	157.81	166.7	214.82	160.75	196.03	477.7	317.31	10605	142.16	123.49	157.81	166.7	214.82	160.75	196.03	477.7	317.31	10605
REV__Q96ME1	90.843	110.2	101.55	98.188	225.4	101.02	111.3	414.23	236.63	11291	90.843	110.2	101.55	98.188	225.4	101.02	111.3	414.23	236.63	11291
